Actual,Predicted
2.55,2.5518200000000024
2.486,2.488249999999998
2.565,2.5635899999999987
2.652,2.653289999999996
2.477,2.4736700000000007
2.477,2.4807900000000016
2.658,2.6522399999999973
2.577,2.573689999999999
2.453,2.4496300000000018
2.554,2.554630000000001
2.454,2.456030000000002
2.453,2.4530000000000016
2.524,2.5195300000000014
2.309,2.3137099999999977
2.328,2.325450000000002
2.444,2.4430399999999968
2.399,2.3964500000000006
2.531,2.533930000000002
2.409,2.410149999999999
2.359,2.361710000000002
2.647,2.6441499999999976
2.477,2.4796800000000006
2.507,2.510030000000002
2.358,2.3544600000000018
2.446,2.442539999999999
2.511,2.5122399999999985
2.385,2.383219999999998
2.538,2.5378700000000016
2.44,2.4407199999999984
2.471,2.467440000000002
2.44,2.4412000000000007
2.685,2.688730000000001
2.499,2.4933299999999976
2.394,2.3904100000000024
2.582,2.5820599999999985
2.378,2.3815299999999966
2.521,2.5176999999999965
2.304,2.306000000000001
2.367,2.3682299999999987
2.52,2.518470000000003
2.574,2.5746300000000026
2.517,2.513389999999998
2.488,2.48368
2.47,2.4680699999999995
2.352,2.3522200000000013
2.428,2.430389999999998
2.454,2.4583499999999994
2.606,2.607759999999997
2.534,2.531799999999997
2.324,2.3253200000000027
2.532,2.5286200000000023
2.461,2.461290000000003
2.432,2.4347799999999964
2.561,2.5629700000000017
2.603,2.6070800000000016
2.593,2.595609999999997
2.416,2.4205299999999985
2.469,2.4677999999999978
2.533,2.5332399999999957
2.598,2.6013000000000015
2.452,2.455099999999999
2.481,2.484779999999999
2.389,2.3886200000000017
2.38,2.3816499999999974
2.581,2.5807299999999964
2.636,2.6326399999999985
2.493,2.4919699999999985
2.6,2.6056699999999977
2.536,2.536750000000002
2.435,2.4386400000000013
2.536,2.53606
2.654,2.650459999999999
2.496,2.4929400000000026
2.656,2.6584300000000023
2.582,2.5813599999999974
2.509,2.511699999999996
2.47,2.4719200000000003
2.509,2.5146399999999955
2.301,2.2982599999999964
2.478,2.4723200000000034
2.536,2.5319900000000004
2.648,2.6492199999999992
2.448,2.446190000000001
2.419,2.4179000000000017
2.45,2.448649999999998
2.592,2.589240000000004
2.533,2.5338199999999973
2.447,2.445670000000001
2.551,2.553429999999996
2.51,2.510179999999997
2.597,2.5992900000000017
2.43,2.434200000000003
2.467,2.468070000000005
2.461,2.460070000000003
2.354,2.3501500000000024
2.53,2.53033
2.526,2.5298100000000012
2.501,2.502240000000002
2.477,2.480460000000001
2.358,2.3633600000000023
2.458,2.460099999999999
2.466,2.4655900000000006
2.42,2.4204899999999974
2.484,2.481290000000002
2.54,2.5399099999999986
2.689,2.6916299999999973
2.517,2.5163099999999976
2.526,2.5202300000000015
2.493,2.495089999999997
2.308,2.3023299999999978
2.497,2.495550000000002
2.506,2.50188
2.481,2.482849999999997
2.53,2.534
2.497,2.4956000000000036
2.383,2.387670000000002
2.614,2.6124500000000017
2.575,2.568889999999998
2.579,2.5836500000000022
2.409,2.4111599999999997
2.64,2.633569999999996
2.36,2.3598500000000033
2.559,2.560689999999998
2.719,2.716579999999997
2.401,2.3978300000000026
2.443,2.4414400000000036
2.51,2.5066099999999976
2.45,2.4451399999999968
2.345,2.34075
2.507,2.509180000000002
2.394,2.393550000000001
2.547,2.5492199999999974
2.408,2.410699999999996
2.655,2.65822
2.422,2.4202699999999977
2.468,2.4647299999999976
2.581,2.5830299999999964
2.377,2.3759300000000025
2.523,2.5191199999999996
2.631,2.6315099999999996
2.339,2.342939999999999
2.518,2.5175300000000007
2.526,2.5262500000000028
2.578,2.580850000000002
2.376,2.375740000000003
2.368,2.3646099999999985
2.552,2.5508999999999977
2.53,2.5301500000000003
2.525,2.529940000000002
2.535,2.5375199999999993
2.432,2.4344799999999966
2.523,2.520899999999999
2.529,2.5276599999999982
2.429,2.432690000000001
2.687,2.682820000000003
2.547,2.5459699999999987
2.381,2.382179999999999
2.566,2.5632700000000015
2.403,2.4053999999999975
2.579,2.5780200000000013
2.616,2.618830000000005
2.418,2.4212500000000023
2.596,2.601440000000002
2.541,2.538519999999998
2.582,2.5819799999999975
2.69,2.6917999999999984
2.475,2.4717699999999976
2.425,2.422090000000004
2.411,2.414190000000001
2.418,2.415170000000002
2.492,2.491826666666665
2.534,2.536509999999998
2.528,2.530849999999999
2.583,2.5852399999999993
2.501,2.5050000000000017
2.645,2.6471000000000022
2.474,2.4696099999999994
2.563,2.5617999999999967
2.414,2.417369999999996
2.393,2.39108
2.548,2.5511000000000017
2.478,2.480120000000003
2.571,2.5765299999999995
2.547,2.548339999999998
2.493,2.490649999999998
2.415,2.417159999999998
2.349,2.3483999999999976
2.455,2.459360000000004
2.586,2.586000000000003
2.521,2.521579999999997
2.375,2.3720900000000005
2.517,2.5155699999999985
2.539,2.5394499999999964
2.412,2.4197200000000016
2.515,2.515089999999995
2.506,2.50743
2.386,2.391739999999998
2.536,2.536680000000001
2.556,2.5605100000000034
2.608,2.607110000000002
2.605,2.610159999999998
2.362,2.362789999999998
2.406,2.4003200000000025
2.552,2.553969999999998
2.551,2.556139999999996
2.552,2.5557499999999975
2.557,2.550719999999997
2.614,2.6183600000000014
2.595,2.59136
2.565,2.562159999999998
2.468,2.4652099999999972
2.576,2.5748999999999973
2.423,2.421290000000001
2.476,2.48176
2.451,2.4532499999999975
2.508,2.5101600000000026
2.731,2.7283399999999975
2.313,2.312889999999997
2.569,2.566449999999997
2.339,2.34102
2.453,2.4561100000000025
2.609,2.6098500000000024
2.506,2.5081
2.392,2.3942399999999977
2.428,2.432429999999999
2.568,2.566950000000003
2.427,2.431949999999999
2.522,2.5222199999999977
2.505,2.5077299999999965
2.435,2.435260000000001
2.714,2.7088299999999985
2.563,2.562879999999997
2.297,2.2960499999999984
2.519,2.5158600000000026
2.434,2.4306399999999995
2.585,2.5823200000000015
2.421,2.425159999999998
2.489,2.4885600000000014
2.55,2.5485200000000017
2.587,2.5879699999999963
2.38,2.3754199999999983
2.467,2.4733300000000047
2.453,2.4566800000000018
2.435,2.4385300000000005
2.677,2.67929
2.54,2.536959999999998
2.374,2.3769599999999977
2.592,2.592550000000004
2.712,2.706019999999997
2.603,2.603890000000003
2.348,2.347310000000004
2.452,2.4533299999999993
2.627,2.6292500000000025
2.429,2.424400000000001
2.544,2.546580000000002
2.577,2.578199999999999
2.407,2.4084700000000026
2.494,2.4880600000000004
2.398,2.3980699999999984
2.475,2.472009999999998
2.375,2.3730300000000004
2.663,2.659130000000002
2.357,2.3598299999999997
2.456,2.4596799999999983
2.513,2.508720000000002
2.644,2.646890000000003
2.356,2.3590299999999984
2.616,2.618050000000004
2.501,2.502120000000002
2.402,2.4037899999999968
2.546,2.5438599999999987
2.52,2.5190000000000023
2.44,2.440499999999999
2.507,2.5091300000000025
2.461,2.460550000000004
2.511,2.507059999999998
2.566,2.5608400000000016
2.659,2.6577599999999983
2.376,2.3734500000000027
2.713,2.7101499999999974
2.305,2.311540000000002
2.485,2.484680000000004
2.559,2.5588799999999985
2.528,2.5295399999999977
2.438,2.440889999999997
2.479,2.483550000000003
2.451,2.4497499999999963
2.441,2.440870000000001
2.585,2.5832500000000014
2.536,2.535410000000001
2.431,2.432930000000003
2.59,2.5879900000000022
2.531,2.5334400000000024
2.581,2.5847299999999973
2.563,2.562299999999996
2.417,2.4172700000000007
2.444,2.4421399999999966
2.575,2.5711799999999956
2.561,2.5624800000000034
2.498,2.495459999999998
2.512,2.51365
2.628,2.627019999999998
2.441,2.445760000000001
2.555,2.556640000000003
2.48,2.4832399999999972
2.478,2.4812500000000015
2.61,2.610870000000004
2.583,2.581579999999999
2.581,2.5823699999999974
2.631,2.6303300000000003
2.502,2.502280000000003
2.568,2.5619100000000032
2.469,2.469519999999997
2.532,2.537520000000002
2.487,2.4871999999999987
2.51,2.5081999999999978
2.56,2.5584200000000004
2.418,2.416540000000003
2.709,2.707730000000002
2.399,2.3954500000000007
2.379,2.3833099999999985
2.616,2.613950000000003
2.579,2.583350000000001
2.562,2.5587600000000035
2.563,2.5675699999999972
2.499,2.499779999999999
2.41,2.403439999999998
2.508,2.5067900000000027
2.432,2.427309999999996
2.598,2.597300000000003
2.485,2.483030000000003
2.417,2.4167
2.468,2.4704099999999984
2.541,2.539069999999999
2.444,2.443699999999997
2.418,2.413330000000002
2.524,2.51956
2.524,2.52655
2.449,2.444700000000003
2.453,2.4571000000000014
2.523,2.520909999999998
2.355,2.3526899999999986
2.359,2.360470000000002
2.428,2.4305299999999987
2.479,2.480090000000003
2.531,2.5316200000000024
2.648,2.6452099999999983
2.586,2.585070000000004
2.484,2.4803000000000024
2.498,2.4962299999999993
2.4,2.4042700000000026
2.498,2.502599999999998
2.471,2.467600000000002
2.532,2.535230000000001
2.417,2.416790000000001
2.552,2.55327
2.653,2.6517999999999984
2.489,2.488130000000002
2.54,2.5399799999999995
2.569,2.5677999999999974
2.46,2.460280000000002
2.522,2.521159999999998
2.501,2.495460000000001
2.51,2.512019999999996
2.423,2.4280800000000005
2.502,2.4986800000000025
2.55,2.5541000000000036
2.645,2.6502900000000023
2.596,2.5984700000000016
2.715,2.710440000000001
2.423,2.4193200000000012
2.587,2.585739999999997
2.518,2.515610000000001
2.719,2.721709999999998
2.419,2.4186300000000025
2.416,2.416339999999999
2.44,2.4386999999999985
2.288,2.2881000000000014
2.447,2.4451200000000015
2.424,2.422120000000003
2.515,2.5116699999999956
2.534,2.5362299999999975
2.688,2.6909399999999977
2.595,2.5905800000000005
2.442,2.439110000000003
2.41,2.411249999999998
2.549,2.549190000000002
2.368,2.3693199999999974
2.683,2.681459999999996
2.618,2.6204599999999987
2.453,2.456590000000001
2.329,2.333770000000001
2.635,2.635419999999998
2.489,2.490970000000003
2.624,2.6252999999999993
2.341,2.3393800000000016
2.44,2.4396099999999983
2.501,2.500610000000002
2.505,2.509289999999997
2.455,2.461310000000004
2.562,2.5628600000000024
2.393,2.3916800000000005
2.486,2.487599999999998
2.512,2.5123400000000005
2.551,2.548499999999996
2.571,2.5681799999999995
2.388,2.3899500000000025
2.347,2.3480200000000013
2.628,2.6292799999999965
2.533,2.5363399999999956
2.425,2.4212100000000034
2.655,2.654700000000001
2.512,2.51232
2.618,2.6139399999999977
2.507,2.507110000000003
2.706,2.710269999999997
2.676,2.6787999999999976
2.475,2.4718999999999984
2.597,2.5970600000000017
2.565,2.5644899999999984
2.637,2.63948
2.404,2.400089999999999
2.569,2.5697699999999966
2.606,2.608299999999998
2.324,2.3193600000000028
2.382,2.3886000000000016
2.296,2.295019999999999
2.473,2.4785300000000037
2.572,2.567300000000001
2.65,2.6543200000000025
2.507,2.507530000000001
2.663,2.6644800000000033
2.362,2.362789999999998
2.33,2.326640000000003
2.494,2.4932600000000007
2.538,2.538730000000003
2.497,2.495280000000004
2.293,2.2925200000000028
2.491,2.4916800000000037
2.37,2.3674500000000016
2.567,2.5652100000000035
2.537,2.5380600000000024
2.406,2.4100700000000024
2.449,2.4536000000000033
2.394,2.394980000000002
2.494,2.4927000000000006
2.596,2.594730000000001
2.401,2.397040000000003
2.55,2.5468600000000037
2.447,2.450810000000003
2.421,2.4197999999999977
2.489,2.488010000000002
2.396,2.3969899999999957
2.445,2.443289999999997
2.38,2.376039999999999
2.696,2.6933899999999995
2.504,2.5057099999999974
2.43,2.4255400000000034
2.521,2.5193499999999958
2.489,2.494360000000002
2.478,2.474230000000002
2.561,2.560410000000003
2.576,2.5699099999999975
2.447,2.445060000000001
2.442,2.443020000000003
2.472,2.4754600000000013
2.27,2.270190000000002
2.348,2.3481200000000033
2.637,2.63936
2.664,2.6600299999999972
2.475,2.4705799999999978
2.558,2.5578399999999974
2.531,2.5287300000000017
2.612,2.6092599999999977
2.487,2.486729999999998
2.404,2.3981799999999986
2.339,2.3432199999999987
2.52,2.5185800000000027
2.424,2.4203200000000025
2.358,2.360700000000002
2.435,2.4378700000000006
2.392,2.391799999999998
2.669,2.6692500000000017
2.588,2.5885799999999977
2.499,2.4995799999999977
2.648,2.653789999999999
2.508,2.508070000000001
2.414,2.4126099999999955
2.652,2.653749999999996
2.554,2.5569500000000005
2.396,2.3955699999999975
2.481,2.481459999999998
2.412,2.407050000000003
2.362,2.363859999999997
2.593,2.5960499999999977
2.691,2.68821
2.36,2.362990000000003
2.556,2.5580500000000033
2.435,2.43867
2.451,2.4502699999999966
2.441,2.438390000000002
2.414,2.4186899999999962
2.505,2.506429999999998
2.417,2.4153000000000007
2.527,2.526539999999995
2.495,2.4924300000000024
2.476,2.47147
2.409,2.406659999999999
2.442,2.443450000000003
2.576,2.5782399999999965
2.55,2.5570800000000036
2.402,2.3985099999999964
2.51,2.5112899999999967
2.575,2.571169999999997
2.333,2.33899
2.554,2.553360000000001
2.434,2.4340399999999978
2.557,2.5556099999999975
2.424,2.4220300000000035
2.32,2.3188099999999965
2.337,2.3422399999999963
2.505,2.5082199999999975
2.526,2.5206300000000033
2.41,2.410429999999998
2.564,2.564409999999997
2.334,2.3338400000000017
2.493,2.489839999999999
2.379,2.379849999999997
2.435,2.436580000000001
2.505,2.5012099999999977
2.414,2.4161099999999966
2.462,2.4641099999999985
2.601,2.6045800000000003
2.442,2.4403500000000036
2.584,2.5840300000000007
2.387,2.3906099999999997
2.553,2.556749999999999
2.644,2.647090000000002
2.42,2.4199299999999972
2.558,2.556889999999997
2.48,2.4820599999999975
2.537,2.5345100000000027
2.44,2.4407999999999985
2.509,2.5095399999999954
2.484,2.4846100000000018
2.617,2.620549999999998
2.525,2.5286600000000026
2.534,2.5333499999999973
2.459,2.4602700000000013
2.451,2.4543199999999965
2.457,2.4547399999999966
2.539,2.5425099999999965
2.458,2.4601599999999992
2.529,2.531039999999997
2.708,2.7102500000000003
2.587,2.586169999999998
2.467,2.4645900000000034
2.62,2.6240100000000024
2.459,2.4609700000000028
2.296,2.3020499999999986
2.399,2.398990000000001
2.313,2.311999999999998
2.465,2.465330000000002
2.502,2.5023000000000035
2.668,2.663940000000003
2.533,2.532879999999995
2.478,2.480740000000003
2.583,2.582239999999999
2.279,2.2763499999999977
2.524,2.5210900000000005
2.577,2.574029999999999
2.352,2.3498700000000032
2.614,2.612330000000002
2.534,2.5353699999999986
2.458,2.4606299999999997
2.563,2.5644699999999965
2.727,2.72674
2.518,2.5191500000000007
2.525,2.5265200000000023
2.454,2.4495700000000014
2.415,2.4148599999999987
2.583,2.581439999999999
2.414,2.4160299999999975
2.507,2.5073400000000023
2.452,2.4543199999999987
2.548,2.551290000000002
2.533,2.5320999999999967
2.604,2.602820000000004
2.449,2.4437500000000036
2.473,2.478420000000003
2.402,2.4037199999999954
2.456,2.4520999999999993
2.538,2.5359000000000016
2.576,2.575699999999998
2.408,2.4120599999999963
2.587,2.5885199999999973
2.636,2.6350499999999983
2.541,2.537439999999998
2.688,2.6856699999999964
2.423,2.4235500000000014
2.376,2.373780000000002
2.322,2.322940000000001
2.65,2.652750000000001
2.565,2.561449999999998
2.494,2.4917199999999995
2.528,2.530819999999998
2.387,2.3886099999999995
2.513,2.514020000000002
2.511,2.5111899999999987
2.573,2.5704800000000017
2.548,2.5439700000000007
2.522,2.5186599999999975
2.421,2.4206599999999985
2.547,2.5426599999999984
2.688,2.684869999999997
2.635,2.633669999999997
2.659,2.6561099999999995
2.449,2.4434500000000026
2.401,2.3974000000000015
2.487,2.485769999999998
2.506,2.5057
2.609,2.6098400000000015
2.331,2.3304299999999976
2.653,2.650919999999998
2.484,2.483900000000003
2.457,2.456259999999997
2.399,2.4014199999999994
2.335,2.331360000000001
2.582,2.582429999999997
2.507,2.508940000000002
2.371,2.3690800000000025
2.37,2.368610000000002
2.466,2.462870000000001
2.667,2.6637500000000007
2.474,2.4787299999999983
2.35,2.353959999999997
2.475,2.473539999999997
2.473,2.4765900000000043
2.495,2.492120000000003
2.477,2.4783400000000015
2.57,2.569309999999997
2.685,2.6812600000000013
2.613,2.6104900000000004
2.473,2.4760800000000036
2.389,2.3876000000000017
2.506,2.5107899999999996
2.501,2.498980000000002
2.498,2.499389999999998
2.52,2.5170400000000033
2.486,2.4818099999999976
2.443,2.441550000000003
2.445,2.446799999999996
2.497,2.498800000000004
2.446,2.441599999999999
2.429,2.42567
2.511,2.510779999999997
2.475,2.4782299999999977
2.65,2.647350000000003
2.609,2.6117800000000035
2.625,2.62813
2.293,2.294840000000003
2.466,2.466040000000002
2.463,2.4630399999999972
2.359,2.362460000000002
2.422,2.421319999999998
2.389,2.3897300000000024
2.675,2.675470000000004
2.594,2.590229999999998
2.627,2.6281300000000023
2.572,2.573570000000001
2.387,2.39143
2.448,2.4464400000000013
2.549,2.544370000000003
2.378,2.375989999999998
2.571,2.5698699999999985
2.476,2.4742300000000004
2.463,2.4587899999999983
2.571,2.572059999999999
2.544,2.539000000000002
2.464,2.46212
2.616,2.612370000000003
2.392,2.390769999999999
2.562,2.5651400000000035
2.559,2.5620499999999997
2.469,2.4657499999999977
2.533,2.5369099999999967
2.375,2.3769599999999995
2.592,2.589970000000004
2.482,2.48483
2.448,2.4530100000000012
2.605,2.6054599999999972
2.43,2.4332000000000016
2.359,2.3603600000000013
2.344,2.343379999999997
2.561,2.564850000000001
2.372,2.3702600000000036
2.675,2.6763200000000023
2.292,2.2923400000000003
2.67,2.674279999999998
2.521,2.517399999999995
2.49,2.487890000000003
2.446,2.445389999999999
2.54,2.5394099999999975
2.496,2.493890000000003
2.61,2.607020000000006
2.511,2.5092999999999988
2.515,2.5135799999999953
2.464,2.464459999999999
2.494,2.49821
2.531,2.533860000000003
2.329,2.3261100000000003
2.365,2.364270000000003
2.574,2.5789600000000035
2.517,2.5203199999999994
2.482,2.4821499999999994
2.502,2.4991400000000015
2.535,2.5362099999999974
2.446,2.444959999999999
2.422,2.417609999999998
2.52,2.5185400000000024
2.402,2.399249999999996
2.541,2.5403399999999987
2.33,2.327030000000003
2.603,2.6065600000000018
2.547,2.5506299999999986
2.526,2.527100000000003
2.598,2.6005200000000044
2.667,2.6682599999999996
2.601,2.59727
2.316,2.313280000000001
2.372,2.372800000000003
2.438,2.438499999999997
2.503,2.5057299999999962
2.552,2.5535999999999976
2.427,2.4302799999999993
2.519,2.515030000000003
2.424,2.429720000000002
2.439,2.4393099999999968
2.359,2.3589200000000017
2.408,2.404719999999996
2.365,2.3639700000000023
2.402,2.4014999999999955
2.605,2.605549999999998
2.405,2.4008599999999998
2.549,2.5531400000000026
2.518,2.514200000000001
2.414,2.413989999999996
2.57,2.5670699999999966
2.442,2.4389100000000035
2.512,2.5136199999999995
2.49,2.4902600000000037
2.615,2.6107200000000024
2.43,2.4323200000000034
2.497,2.493110000000001
2.677,2.67749
2.437,2.4385400000000033
2.681,2.678350000000003
2.571,2.5681399999999996
2.444,2.439739999999997
2.563,2.565979999999998
2.597,2.598850000000001
2.562,2.5635300000000028
2.343,2.341349999999998
2.427,2.427459999999999
2.475,2.4782699999999975
2.493,2.494879999999998
2.562,2.561600000000004
2.518,2.5151499999999998
2.366,2.3671000000000033
2.538,2.534930000000002
2.561,2.5608400000000033
2.556,2.556570000000004
2.608,2.605710000000002
2.583,2.5825199999999997
2.546,2.548969999999999
2.493,2.4929899999999985
2.334,2.3358900000000014
2.543,2.539070000000003
2.521,2.521299999999995
2.527,2.5316199999999953
2.372,2.3697800000000044
2.392,2.3935399999999984
2.605,2.6088899999999984
2.496,2.494700000000002
2.568,2.5649300000000035
2.503,2.5012599999999963
2.503,2.5040799999999965
2.594,2.5886599999999964
2.448,2.4464500000000013
2.51,2.5100299999999978
2.454,2.4506400000000013
2.457,2.459849999999997
2.469,2.469179999999998
2.522,2.5202899999999975
2.452,2.457349999999999
2.626,2.624890000000002
2.411,2.41145
2.481,2.4841899999999986
2.456,2.460989999999997
2.645,2.639780000000003
2.52,2.5158800000000023
2.603,2.6042100000000015
2.351,2.348559999999999
2.527,2.529539999999996
2.589,2.5878299999999994
2.508,2.5097700000000014
2.607,2.60685
2.448,2.446150000000001
2.641,2.6391099999999983
2.73,2.728849999999998
2.464,2.4623599999999994
2.455,2.4595000000000042
2.645,2.6418600000000017
2.658,2.661479999999997
2.448,2.4505700000000004
2.458,2.461029999999999
2.472,2.4687800000000006
2.366,2.367900000000004
2.408,2.4047699999999956
2.4,2.4046300000000027
2.423,2.421890000000001
2.497,2.4932600000000025
2.523,2.525179999999998
2.655,2.6570799999999997
2.4,2.404400000000003
2.598,2.592410000000003
2.479,2.4788800000000046
2.495,2.4990400000000013
2.567,2.565050000000004
2.388,2.386790000000002
2.538,2.5372300000000028
2.517,2.5190799999999975
2.549,2.551020000000003
2.529,2.525999999999998
2.436,2.4374200000000026
2.447,2.4486800000000017
2.438,2.4396499999999963
2.444,2.442859999999998
2.436,2.437310000000003
2.619,2.616860000000001
2.642,2.6458999999999993
2.443,2.4388300000000043
2.417,2.416630000000001
2.547,2.5482899999999984
2.445,2.4436999999999967
2.563,2.5637999999999965
2.52,2.5170200000000027
2.348,2.3436700000000044
2.655,2.6526199999999993
2.68,2.6817300000000035
2.439,2.4369199999999966
2.461,2.4621800000000036
2.529,2.5259799999999974
2.533,2.534699999999996
2.566,2.5632700000000015
2.701,2.7006299999999976
2.482,2.4828799999999998
2.42,2.417129999999996
2.362,2.3633499999999983
2.427,2.424849999999999
2.497,2.496160000000002
2.679,2.6748000000000007
2.448,2.4498200000000008
2.522,2.5216799999999977
2.498,2.4946399999999986
2.619,2.6144399999999997
2.447,2.4444400000000015
2.451,2.4485399999999986
2.604,2.605930000000003
2.568,2.5631600000000025
2.685,2.682510000000001
2.558,2.5578799999999977
2.464,2.46302
2.559,2.5635299999999996
2.611,2.608439999999997
2.582,2.5804899999999975
2.551,2.5549599999999972
2.607,2.6116900000000003
2.617,2.6144499999999975
2.638,2.635800000000001
2.565,2.5609599999999983
2.483,2.489390000000002
2.515,2.5112899999999945
2.621,2.6141600000000036
2.418,2.4162200000000027
2.537,2.539430000000003
2.461,2.4604300000000037
2.503,2.505009999999998
2.628,2.6301899999999963
2.519,2.518290000000002
2.505,2.503439999999998
2.364,2.365130000000002
2.575,2.5785599999999973
2.565,2.563400000000001
2.716,2.7180200000000014
2.469,2.4656699999999976
2.522,2.5241099999999976
2.525,2.5235500000000033
2.658,2.659589999999996
2.49,2.492190000000002
2.528,2.5310099999999975
2.561,2.5608700000000026
2.519,2.516700000000002
2.455,2.458700000000004
2.519,2.518610000000002
2.607,2.611840000000002
2.397,2.3947299999999982
2.513,2.5152800000000024
2.43,2.426050000000003
2.62,2.6167900000000026
2.348,2.3490400000000036
2.444,2.4425599999999967
2.538,2.534580000000001
2.657,2.6542100000000017
2.493,2.4944399999999978
2.444,2.4402999999999966
2.688,2.6913699999999965
2.355,2.3567699999999983
2.28,2.282610000000001
2.544,2.5419300000000034
2.45,2.4463699999999973
2.398,2.397559999999999
2.571,2.576299999999998
2.524,2.518640000000001
2.444,2.444639999999996
2.372,2.3691200000000037
2.587,2.5849199999999968
2.565,2.5638499999999995
2.49,2.4924400000000024
2.685,2.6831800000000006
2.393,2.3900699999999997
2.347,2.3470600000000013
2.431,2.432020000000003
2.495,2.4938700000000016
2.524,2.5288300000000006
2.476,2.47927
2.535,2.5386799999999994
2.375,2.37099
2.644,2.6441100000000017
2.492,2.4940199999999977
2.612,2.612529999999998
2.534,2.5338599999999984
2.546,2.5407499999999983
2.557,2.558919999999998
2.545,2.541889999999996
2.564,2.563309999999997
2.633,2.6346200000000017
2.52,2.5173200000000016
2.571,2.574219999999999
2.491,2.4889000000000037
2.644,2.642380000000003
2.432,2.4322299999999957
2.68,2.6768700000000036
2.496,2.493210000000002
2.357,2.3620599999999996
2.513,2.5100500000000023
2.432,2.4342099999999975
2.584,2.5837800000000004
2.435,2.4376400000000005
2.455,2.4592900000000033
2.311,2.3142500000000026
2.455,2.4589900000000044
2.342,2.345640000000004
2.576,2.574769999999997
2.579,2.5772700000000013
2.543,2.547970000000003
2.403,2.3991099999999976
2.495,2.4921200000000017
2.5,2.4990599999999996
2.384,2.385099999999996
2.65,2.6508900000000017
2.588,2.5859399999999964
2.478,2.4807000000000023
2.503,2.501889999999997
2.521,2.518229999999996
2.296,2.293709999999999
2.475,2.479259999999997
2.432,2.434189999999996
2.4,2.3974500000000036
2.472,2.4699400000000016
2.68,2.6823700000000037
2.564,2.5590499999999974
2.443,2.444410000000003
2.557,2.5585399999999963
2.64,2.6365499999999944
2.592,2.5888400000000025
2.506,2.5065399999999998
2.435,2.4383500000000007
2.57,2.567234999999997
2.539,2.5361299999999964
2.59,2.587360000000001
2.564,2.5618099999999977
2.605,2.6065299999999962
2.446,2.442289999999998
2.632,2.6295800000000025
2.52,2.523890000000003
2.708,2.706120000000001
2.431,2.4312800000000037
2.674,2.673580000000004
2.52,2.521320000000003
2.435,2.439520000000001
2.452,2.44825
2.468,2.4650599999999967
2.542,2.5429000000000004
2.552,2.556019999999999
2.443,2.444260000000002
2.498,2.5011699999999966
2.714,2.7108899999999996
2.673,2.672840000000001
2.544,2.5402900000000024
2.504,2.5058499999999975
2.512,2.50728
2.561,2.5576900000000036
2.398,2.400629999999997
2.474,2.478479999999998
2.333,2.3361599999999996
2.54,2.5388799999999976
2.565,2.563159999999999
2.452,2.4501699999999986
2.657,2.6562300000000016
2.377,2.3742900000000033
2.354,2.351320000000004
2.522,2.520369999999998
2.605,2.6043199999999986
2.668,2.6647300000000023
2.454,2.4559900000000012
2.608,2.6103400000000025
2.496,2.4982400000000022
2.483,2.4865100000000018
2.588,2.589769999999997
2.565,2.5603799999999994
2.342,2.3454100000000033
2.648,2.6484499999999995
2.638,2.640070000000002
2.437,2.4337100000000027
2.54,2.542129999999998
2.549,2.5515400000000032
2.526,2.5266900000000025
2.445,2.4449899999999967
2.433,2.429979999999995
2.497,2.495010000000004
2.617,2.615209999999999
2.554,2.5567100000000007
2.463,2.461239999999998
2.577,2.580859999999999
2.615,2.6135300000000026
2.326,2.322219999999997
2.464,2.4625399999999984
2.388,2.388500000000002
2.371,2.369230000000003
2.616,2.612510000000003
2.453,2.4555200000000017
2.535,2.5355799999999973
2.495,2.492700000000002
2.548,2.5493500000000022
2.508,2.513500000000003
2.372,2.369860000000003
2.6,2.6037899999999983
2.451,2.453499999999997
2.344,2.3422499999999973
2.457,2.453109999999997
2.65,2.6485400000000023
2.585,2.5835900000000014
2.465,2.4669900000000013
2.465,2.4669200000000022
2.468,2.470129999999996
2.708,2.7084200000000003
2.538,2.536240000000003
2.543,2.5413100000000024
2.603,2.6031800000000023
2.524,2.5233899999999996
2.474,2.470079999999997
2.48,2.4774299999999987
2.493,2.4940299999999977
2.496,2.4943300000000024
2.573,2.5681200000000013
2.505,2.509779999999998
2.573,2.5747000000000018
2.492,2.4888699999999986
2.508,2.509370000000002
2.3,2.3033400000000026
2.592,2.587730000000004
2.535,2.5337199999999984
2.6,2.602799999999998
2.709,2.705660000000002
2.486,2.4866399999999977
2.611,2.6100699999999977
2.396,2.391109999999997
2.561,2.559960000000002
2.395,2.393570000000002
2.438,2.4401599999999974
2.691,2.6875900000000015
2.481,2.484779999999998
2.522,2.5216099999999977
2.587,2.5876099999999984
2.55,2.5524500000000017
2.515,2.512329999999996
2.536,2.5346400000000013
2.494,2.4980999999999995
2.52,2.5185000000000013
2.605,2.604199999999998
2.611,2.6111199999999974
2.619,2.6220100000000004
2.564,2.5643399999999956
2.386,2.389939999999997
2.663,2.662110000000002
2.385,2.385399999999997
2.53,2.53065
2.425,2.4235400000000036
2.494,2.4938800000000003
2.533,2.5351599999999954
2.532,2.532840000000003
2.542,2.544250000000001
2.661,2.6608500000000004
2.545,2.541229999999997
2.476,2.47235
2.596,2.599630000000003
2.619,2.6239600000000003
2.377,2.381240000000002
2.56,2.56037
2.57,2.5693299999999972
2.47,2.466949999999999
2.638,2.6380700000000017
2.485,2.4891700000000054
2.513,2.513870000000002
2.483,2.4845700000000015
2.502,2.504250000000002
2.39,2.387349999999996
2.356,2.3532799999999976
2.659,2.656679999999999
2.415,2.416929999999998
2.401,2.400720000000001
2.285,2.2792399999999984
2.436,2.437290000000003
2.368,2.364759999999998
2.664,2.661469999999996
2.601,2.59668
2.431,2.433370000000003
2.725,2.726059999999998
2.598,2.5928700000000036
2.468,2.4679699999999976
2.729,2.7245200000000027
2.361,2.3634099999999982
2.335,2.336860000000001
2.602,2.6045400000000005
2.638,2.637140000000002
2.556,2.5580300000000036
2.559,2.558079999999998
2.585,2.5825600000000013
2.576,2.578449999999998
2.528,2.5303099999999983
2.51,2.511189999999998
2.494,2.4987399999999997
2.425,2.4222800000000024
2.472,2.468760000000001
2.331,2.3251899999999974
2.49,2.4895100000000023
2.401,2.4045300000000016
2.39,2.3900999999999955
2.518,2.5193800000000004
2.639,2.6390300000000027
2.592,2.5890900000000032
2.343,2.3410599999999997
2.401,2.397950000000002
2.594,2.5900399999999966
2.402,2.4023299999999965
2.478,2.4764500000000034
2.555,2.5518300000000034
2.403,2.402819999999999
2.511,2.512359999999998
2.367,2.364209999999998
2.44,2.442309999999998
2.532,2.5330800000000027
2.341,2.342830000000002
2.544,2.5398900000000024
2.498,2.502389999999999
2.555,2.556700000000002
2.522,2.524019999999999
2.636,2.637419999999999
2.513,2.5103200000000028
2.457,2.4594099999999965
2.512,2.5129399999999995
2.554,2.5524300000000015
2.505,2.5062499999999988
2.504,2.505729999999997
2.43,2.4321500000000045
2.434,2.4350799999999984
2.36,2.360690000000005
2.675,2.6786100000000035
2.376,2.3791300000000017
2.431,2.4263100000000026
2.428,2.4305199999999987
2.589,2.585909999999999
2.471,2.4696700000000025
2.625,2.62628
2.433,2.4356499999999963
2.528,2.5304599999999984
2.416,2.413709999999998
2.715,2.7134900000000015
2.381,2.38399
2.531,2.5350700000000024
2.563,2.5668299999999973
2.541,2.542269999999998
2.481,2.4827599999999976
2.487,2.4843799999999976
2.504,2.5026399999999973
2.485,2.488040000000004
2.596,2.598180000000002
2.721,2.722620000000002
2.444,2.438479999999997
2.363,2.3652199999999994
2.491,2.4907200000000036
2.42,2.415879999999996
2.664,2.663179999999997
2.668,2.6623300000000008
2.445,2.4431099999999963
2.557,2.5588499999999974
2.663,2.6580400000000024
2.462,2.4635399999999974
2.48,2.4815199999999975
2.442,2.4402400000000033
2.399,2.396780000000001
2.435,2.435680000000001
2.378,2.372789999999997
2.503,2.5056099999999955
2.423,2.41755
2.523,2.522929999999998
2.344,2.340419999999998
2.533,2.5348699999999953
2.583,2.5834599999999996
2.301,2.297599999999997
2.537,2.5351300000000028
2.623,2.624199999999998
2.379,2.3779099999999973
2.667,2.6622999999999997
2.542,2.5402800000000005
2.429,2.42844
2.494,2.4925000000000006
2.556,2.558150000000003
2.508,2.509950000000002
2.554,2.551670000000001
2.408,2.409579999999996
2.517,2.5153899999999982
2.359,2.3614300000000017
2.489,2.4902400000000013
2.41,2.411609999999998
2.426,2.429419999999996
2.624,2.626799999999997
2.609,2.6107700000000027
2.561,2.5602400000000034
2.391,2.3924299999999987
2.468,2.466559999999996
2.621,2.6195000000000017
2.514,2.513460000000003
2.732,2.726890000000001
2.539,2.535459999999996
2.519,2.522990000000002
2.469,2.4741899999999966
2.513,2.513440000000002
2.485,2.4853300000000043
2.571,2.567359999999999
2.596,2.5935000000000037
2.421,2.419849999999997
2.367,2.365269999999997
2.316,2.3184300000000007
2.551,2.5485499999999974
2.39,2.388029999999996
2.285,2.2845199999999988
2.539,2.5345599999999964
2.499,2.496109999999998
2.584,2.583780000000002
2.508,2.5013600000000022
2.49,2.489950000000002
2.592,2.590410000000004
2.471,2.469760000000001
2.527,2.5296199999999955
2.532,2.530840000000002
2.433,2.4365199999999976
2.599,2.6021799999999975
2.483,2.483700000000001
2.424,2.423130000000003
2.554,2.555760000000001
2.41,2.4088299999999974
2.503,2.507059999999997
2.499,2.497199999999998
2.609,2.609570000000003
2.547,2.5456399999999983
2.497,2.4953300000000014
2.582,2.5821899999999975
2.639,2.634160000000001
2.556,2.557690000000003
2.501,2.5039200000000013
2.369,2.36794
2.393,2.3892700000000007
2.469,2.4694999999999974
2.439,2.437669999999997
2.481,2.480119999999997
2.506,2.5057599999999995
2.553,2.5572199999999983
2.493,2.4931399999999995
2.549,2.5506900000000035
2.506,2.5088400000000006
2.302,2.2992599999999994
2.406,2.4084400000000015
2.486,2.4846299999999983
2.379,2.3841999999999985
2.56,2.5611200000000007
2.653,2.6522399999999986
2.622,2.6257700000000046
2.479,2.4811200000000047
2.649,2.6522799999999993
2.515,2.512949999999996
2.466,2.4636600000000026
2.439,2.4365499999999973
2.47,2.466909999999999
2.461,2.463670000000003
2.517,2.5179699999999987
2.516,2.510179999999998
2.5,2.50286
2.544,2.541210000000003
2.619,2.6181600000000005
2.595,2.591810000000001
2.352,2.357330000000002
2.593,2.5892199999999987
2.363,2.3645299999999994
2.478,2.480990000000002
2.383,2.382750000000003
2.32,2.3209699999999973
2.554,2.557030000000001
2.576,2.5802999999999967
2.442,2.436450000000002
2.445,2.440379999999997
2.539,2.5402899999999966
2.352,2.349760000000002
2.518,2.52293
2.498,2.495959999999998
2.558,2.561359999999996
2.512,2.51135
2.403,2.3996199999999983
2.62,2.616620000000002
2.484,2.4906100000000015
2.497,2.4931200000000033
2.407,2.4104800000000024
2.456,2.4541199999999965
2.412,2.4144300000000016
2.483,2.4842500000000025
2.671,2.6755899999999984
2.363,2.36379
2.339,2.340769999999999
2.647,2.642729999999998
2.479,2.484790000000005
2.433,2.4332799999999963
2.604,2.602900000000004
2.439,2.440289999999997
2.683,2.680299999999998
2.568,2.5699800000000033
2.451,2.4539499999999976
2.716,2.715220000000002
2.439,2.4387299999999965
2.574,2.5788500000000023
2.53,2.53159
2.63,2.629979999999999
2.656,2.6557900000000023
2.503,2.506989999999999
2.425,2.4261500000000042
2.546,2.544669999999998
2.432,2.4353999999999965
2.701,2.702259999999997
2.514,2.5123500000000036
2.463,2.4638699999999965
2.518,2.5138000000000007
2.365,2.3658400000000013
2.403,2.397829999999998
2.62,2.615610000000002
2.434,2.43612
2.395,2.3942000000000023
2.554,2.5579500000000013
2.619,2.617080000000001
2.572,2.5671300000000006
2.6,2.6016599999999976
2.424,2.4213700000000036
2.358,2.361410000000001
2.65,2.652810000000002
2.468,2.464669999999997
2.475,2.474529999999998
2.633,2.634560000000002
2.556,2.5535900000000025
2.546,2.548229999999998
2.717,2.713610000000003
2.436,2.4394200000000037
2.593,2.591059999999999
2.506,2.503539999999999
2.527,2.5302599999999957
2.653,2.6544699999999977
2.551,2.545989999999997
2.554,2.5475300000000005
2.607,2.60658
2.464,2.464849999999999
2.416,2.4153699999999976
2.396,2.3929199999999953
2.303,2.30224
2.706,2.7040399999999973
2.39,2.389769999999996
2.478,2.4767700000000024
2.472,2.470800000000002
2.531,2.529050000000003
2.582,2.580139999999998
2.586,2.588570000000004
2.442,2.4365000000000028
2.483,2.479660000000002
2.528,2.5217399999999968
2.475,2.4722899999999974
2.661,2.6566800000000006
2.549,2.5482900000000037
2.573,2.5696800000000013
2.566,2.564990000000001
2.617,2.621439999999997
2.518,2.5188800000000016
2.37,2.368940000000004
2.54,2.5360499999999977
2.435,2.436350000000001
2.447,2.443730000000001
2.559,2.556569999999999
2.624,2.627919999999998
2.502,2.505020000000002
2.531,2.5316600000000022
2.67,2.6665199999999967
2.524,2.523560000000001
2.557,2.5581899999999957
2.324,2.3237500000000035
2.575,2.5720399999999968
2.538,2.538470000000003
2.629,2.6314199999999976
2.567,2.5672100000000033
2.486,2.4871899999999987
2.378,2.3832799999999965
2.479,2.4773300000000043
2.415,2.4161599999999983
2.442,2.4401700000000037
2.559,2.5594599999999996
2.667,2.6706000000000008
2.539,2.539159999999996
2.38,2.3776599999999974
2.544,2.544670000000003
2.62,2.6223400000000017
2.439,2.440319999999998
2.487,2.484699999999998
2.501,2.5048300000000014
2.422,2.4207399999999977
2.565,2.5627899999999992
2.488,2.4902299999999995
2.542,2.5393100000000013
2.411,2.413920000000001
2.456,2.4591699999999976
2.572,2.571490000000001
2.463,2.460639999999998
2.673,2.676130000000001
2.46,2.456130000000002
2.522,2.5259899999999975
2.593,2.588369999999997
2.358,2.3634700000000013
2.324,2.321770000000002
2.347,2.344260000000004
2.626,2.628020000000001
2.445,2.4428499999999973
2.444,2.442179999999997
2.518,2.5169699999999997
2.654,2.6573099999999976
2.701,2.7055599999999975
2.706,2.7091199999999986
2.621,2.6228200000000026
2.602,2.6027700000000027
2.559,2.5594999999999986
2.578,2.5805700000000025
2.445,2.4415099999999974
2.418,2.4166100000000035
2.5,2.5021000000000004
2.483,2.4837500000000006
2.455,2.457320000000004
2.57,2.5735899999999976
2.596,2.592570000000001
2.509,2.5119999999999947
2.648,2.6505300000000007
2.386,2.3899099999999978
2.481,2.482329999999998
2.428,2.428579999999998
2.313,2.3156199999999973
2.492,2.493579999999998
2.488,2.488689999999999
2.651,2.6478800000000025
2.563,2.5648099999999965
2.398,2.3970499999999983
2.685,2.6819400000000013
2.622,2.6234300000000035
2.558,2.5576499999999966
2.477,2.4806300000000014
2.404,2.4068099999999975
2.463,2.4667299999999965
2.609,2.610390000000003
2.688,2.6896199999999975
2.654,2.652589999999998
2.451,2.449929999999997
2.388,2.391220000000003
2.514,2.5127700000000037
2.323,2.3180900000000007
2.532,2.530150000000004
2.485,2.487470000000004
2.453,2.451790000000003
2.341,2.3450400000000027
2.551,2.5508699999999966
2.447,2.4429400000000014
2.383,2.384080000000001
2.497,2.4998400000000025
2.677,2.6787499999999995
2.666,2.668559999999999
2.454,2.459890000000002
2.44,2.439969999999999
2.547,2.5512299999999986
2.4,2.3990600000000017
2.53,2.52728
2.577,2.575869999999999
2.623,2.628049999999998
2.49,2.488750000000002
2.48,2.4746199999999967
2.412,2.414780000000003
2.417,2.415890000000001
2.477,2.4784900000000025
2.537,2.538230000000002
2.591,2.5878300000000025
2.42,2.4163299999999968
2.649,2.6502499999999998
2.473,2.470830000000004
2.498,2.498929999999997
2.425,2.4202700000000026
2.588,2.585779999999997
2.574,2.5774700000000035
2.472,2.473520000000002
2.507,2.5079500000000015
2.552,2.5500099999999986
2.344,2.3432599999999972
2.447,2.4526800000000013
2.579,2.5763600000000015
2.375,2.3717400000000004
2.529,2.525769999999998
2.364,2.3672000000000017
2.547,2.551739999999999
2.496,2.4955350000000034
2.338,2.3400399999999975
2.616,2.6157500000000056
2.427,2.4212999999999982
2.419,2.4193900000000035
2.52,2.5182000000000038
2.615,2.6091600000000024
2.398,2.3981899999999983
2.506,2.5044999999999997
2.543,2.5407000000000033
2.569,2.572169999999996
2.518,2.5155699999999994
2.463,2.4610699999999968
2.417,2.4165300000000007
2.509,2.5110999999999954
2.393,2.3956099999999996
2.544,2.5415000000000023
2.59,2.593680000000001
2.399,2.396990000000001
2.562,2.5613100000000038
2.706,2.7057299999999986
2.502,2.5013100000000033
2.427,2.429189999999998
2.482,2.4784400000000004
2.637,2.6373
2.435,2.4372200000000017
2.42,2.4193599999999975
2.452,2.4547599999999994
2.405,2.411130000000001
2.512,2.51745
2.662,2.6571400000000027
2.532,2.5340100000000017
2.475,2.4798699999999982
2.471,2.4674300000000016
2.344,2.343029999999997
2.588,2.586619999999998
2.492,2.4898699999999976
2.482,2.48438
2.53,2.5282100000000005
2.425,2.422530000000003
2.457,2.4595499999999975
2.615,2.6156800000000033
2.511,2.5107899999999974
2.356,2.3536499999999974
2.592,2.5900100000000044
2.433,2.4282599999999976
2.687,2.682970000000004
2.608,2.610810000000002
2.455,2.4513200000000026
2.628,2.629929999999996
2.507,2.502030000000002
2.585,2.5832300000000017
2.548,2.546730000000001
2.415,2.4171299999999984
2.436,2.4375900000000033
2.603,2.5987400000000025
2.467,2.467050000000005
2.46,2.462660000000001
2.404,2.4085099999999984
2.542,2.5451000000000006
2.706,2.7079299999999984
2.393,2.394820000000001
2.502,2.505760000000002
2.641,2.640359999999999
2.492,2.4879399999999965
2.545,2.545679999999997
2.394,2.3965900000000024
2.543,2.5423400000000025
2.481,2.4830799999999975
2.599,2.6021699999999983
2.619,2.61559
2.558,2.5589999999999957
2.533,2.530589999999997
2.519,2.5177700000000023
2.465,2.467320000000002
2.534,2.533109999999998
2.47,2.4699499999999994
2.517,2.5131099999999993
2.632,2.6331500000000023
2.399,2.3941300000000005
2.614,2.6139000000000023
2.632,2.631510000000002
2.488,2.48416
2.288,2.2868400000000024
2.439,2.4390199999999984
2.63,2.6275899999999974
2.498,2.495679999999998
2.4,2.3965300000000034
2.45,2.447609999999998
2.584,2.5851200000000016
2.555,2.5566400000000042
2.476,2.4777800000000005
2.463,2.4585899999999974
2.461,2.4651200000000024
2.408,2.4090499999999975
2.662,2.6634500000000028
2.468,2.4716299999999984
2.622,2.6179000000000032
2.652,2.6491699999999954
2.6,2.603259999999998
2.457,2.451349999999997
2.54,2.538219999999999
2.498,2.501039999999999
2.41,2.413759999999998
2.532,2.534620000000002
2.382,2.385840000000003
2.619,2.6232500000000005
2.454,2.4487700000000006
2.52,2.5175400000000026
2.528,2.530359999999999
2.474,2.472879999999997
2.559,2.5579799999999984
2.453,2.455680000000002
2.587,2.5884899999999975
2.365,2.3701900000000022
2.513,2.5114000000000014
2.694,2.6974199999999984
2.4,2.3981400000000033
2.432,2.434459999999996
2.551,2.554999999999996
2.518,2.5158400000000007
2.535,2.5371099999999993
2.549,2.5479500000000033
2.563,2.5605899999999973
2.611,2.614879999999996
2.541,2.537119999999998
2.476,2.4818399999999996
2.567,2.5663700000000036
2.69,2.6954199999999973
2.487,2.4876799999999974
2.403,2.4074199999999983
2.611,2.605289999999997
2.488,2.4846999999999997
2.283,2.2877399999999968
2.585,2.5860400000000014
2.446,2.44988
2.491,2.4890000000000043
2.533,2.5343999999999953
2.519,2.516560000000003
2.571,2.5732499999999994
2.456,2.4603299999999986
2.551,2.554969999999997
2.474,2.4715899999999986
2.574,2.575600000000003
2.562,2.5624200000000013
2.406,2.4074100000000023
2.609,2.6085500000000015
2.446,2.4497299999999997
2.581,2.5790399999999973
2.537,2.5364900000000024
2.684,2.6822599999999994
2.478,2.476980000000002
2.465,2.467560000000002
2.498,2.4964199999999974
2.47,2.470729999999999
2.58,2.5834000000000037
2.338,2.341049999999997
2.395,2.3939000000000026
2.393,2.3959
2.595,2.59714
2.671,2.672259999999998
2.49,2.4864500000000023
2.483,2.483570000000002
2.507,2.505480000000003
2.616,2.6143100000000046
2.407,2.4019600000000008
2.524,2.5320500000000004
2.598,2.599420000000003
2.55,2.551300000000003
2.519,2.5175700000000028
2.6,2.602429999999997
2.568,2.571020000000004
2.435,2.435390000000001
2.317,2.316270000000004
2.551,2.5551699999999986
2.637,2.6354000000000006
2.486,2.4858099999999976
2.595,2.5903400000000003
2.661,2.6597800000000005
2.631,2.6283899999999996
2.664,2.667029999999995
2.574,2.5756700000000037
2.508,2.5100500000000032
2.34,2.3402900000000018
2.475,2.470969999999998
2.416,2.415669999999998
2.717,2.7161000000000026
2.482,2.4855899999999993
2.512,2.51388
2.555,2.5581200000000033
2.504,2.502009999999998
2.67,2.6692499999999972
2.438,2.438889999999997
2.519,2.5230500000000022
2.426,2.4228899999999967
2.368,2.369369999999998
2.439,2.439939999999997
2.496,2.494460000000002
2.457,2.460079999999998
2.431,2.4345200000000022
2.359,2.3579900000000023
2.492,2.491119999999998
2.35,2.3506699999999974
2.576,2.580009999999996
2.508,2.5109100000000026
2.354,2.353290000000003
2.469,2.4647099999999975
2.425,2.422390000000002
2.532,2.5358200000000015
2.634,2.6353899999999957
2.312,2.3151600000000023
2.512,2.5137899999999997
2.484,2.4836400000000025
2.567,2.5642800000000032
2.521,2.5179099999999948
2.425,2.422380000000003
2.468,2.4643299999999972
2.42,2.4189399999999974
2.608,2.6064000000000016
2.502,2.506050000000003
2.69,2.6879999999999984
2.494,2.497940000000001
2.429,2.423490000000001
2.349,2.348709999999998
2.32,2.3177599999999976
2.342,2.339260000000003
2.527,2.523789999999996
2.551,2.5556499999999978
2.342,2.3404500000000037
2.59,2.5857000000000006
2.452,2.4480499999999985
2.515,2.513969999999997
2.661,2.660829999999999
2.59,2.587440000000002
2.473,2.4733100000000037
2.411,2.4123000000000006
2.285,2.2871899999999976
2.428,2.426439999999998
2.479,2.4827400000000046
2.401,2.403670000000001
2.487,2.4866399999999986
2.508,2.5085900000000025
2.478,2.481850000000002
2.435,2.437240000000001
2.517,2.515619999999999
2.544,2.5440800000000037
2.391,2.391849999999998
2.641,2.6421499999999987
2.49,2.488390000000002
2.502,2.503070000000003
2.571,2.5684799999999983
2.523,2.5270799999999984
2.595,2.5917699999999995
2.529,2.5324899999999984
2.439,2.4430999999999976
2.536,2.5362100000000005
2.386,2.3870599999999986
2.511,2.508319999999999
2.497,2.498930000000004
2.479,2.4757100000000047
2.487,2.490389999999998
2.312,2.314660000000003
2.445,2.4472199999999966
2.509,2.5091299999999954
2.516,2.5121399999999974
2.397,2.395059999999998
2.627,2.6254800000000023
2.413,2.4146500000000026
2.597,2.5993800000000022
2.543,2.5443200000000035
2.435,2.4304000000000006
2.678,2.6814799999999988
2.381,2.38271
2.592,2.5909100000000045
2.6,2.601829999999999
2.433,2.436789999999997
2.639,2.642120000000003
2.475,2.4797699999999985
2.529,2.5296799999999986
2.526,2.5286100000000027
2.487,2.4893099999999975
2.581,2.576849999999997
2.579,2.5791100000000013
2.325,2.327589999999997
2.63,2.6301199999999985
2.334,2.338320000000001
2.603,2.606450000000001
2.613,2.609479999999999
2.391,2.3848199999999973
2.459,2.4583100000000027
2.389,2.3929700000000036
2.479,2.4732300000000045
2.469,2.467749999999997
2.578,2.579700000000002
2.631,2.629639999999999
2.64,2.638869999999996
2.444,2.442959999999996
2.479,2.482730000000005
2.332,2.335599999999997
2.419,2.4165400000000026
2.596,2.5923700000000025
2.662,2.6567800000000017
2.377,2.375240000000003
2.441,2.438420000000001
2.497,2.5017300000000033
2.528,2.5310299999999986
2.419,2.417530000000003
2.542,2.537900000000001
2.453,2.448730000000002
2.499,2.4960299999999975
2.555,2.553850000000004
2.501,2.5021700000000022
2.456,2.459939999999997
2.489,2.4922700000000013
2.491,2.487740000000005
2.463,2.4648099999999977
2.474,2.4704999999999973
2.66,2.662859999999999
2.556,2.552550000000003
2.47,2.4696999999999996
2.57,2.5709299999999957
2.467,2.4714300000000047
2.617,2.6116399999999995
2.537,2.5388300000000026
2.489,2.486530000000003
2.545,2.5498999999999974
2.343,2.3404699999999976
2.387,2.3901
2.381,2.38072
2.514,2.5116700000000036
2.673,2.6687600000000007
2.723,2.7191200000000038
2.564,2.5605299999999978
2.55,2.552790000000002
2.32,2.3182499999999964
2.446,2.4446199999999987
2.421,2.422549999999999
2.438,2.438109999999997
2.483,2.4840100000000023
2.453,2.454940000000002
2.302,2.2998699999999994
2.575,2.5759099999999973
2.393,2.3926299999999996
2.524,2.52537
2.707,2.709829999999996
2.408,2.4093899999999966
2.471,2.4704300000000026
2.61,2.6105700000000045
2.696,2.696650000000001
2.377,2.3807500000000017
2.55,2.5522200000000024
2.453,2.455700000000002
2.489,2.4892500000000024
2.35,2.3468099999999965
2.525,2.526350000000002
2.547,2.550429999999998
2.609,2.6102300000000027
2.51,2.508419999999998
2.531,2.5317400000000028
2.461,2.461840000000004
2.527,2.5273199999999956
2.466,2.4611600000000022
2.562,2.5618400000000032
2.463,2.4659199999999966
2.538,2.5393600000000016
2.497,2.499340000000004
2.613,2.6121000000000016
2.495,2.4907000000000026
2.323,2.3201600000000018
2.626,2.628360000000002
2.409,2.41245
2.435,2.4362600000000016
2.44,2.439619999999999
2.637,2.6351899999999997
2.286,2.2912800000000018
2.606,2.607259999999999
2.522,2.5256499999999975
2.495,2.491280000000002
2.529,2.524919999999997
2.552,2.5550999999999995
2.565,2.564689999999999
2.556,2.5567800000000034
2.509,2.5103599999999964
2.48,2.483299999999997
2.485,2.4856600000000046
2.481,2.484111666666665
2.613,2.60633
2.559,2.5631499999999985
2.566,2.5654400000000006
2.519,2.5145100000000022
2.498,2.502169999999997
2.461,2.4635700000000043
2.612,2.611359999999998
2.595,2.5921399999999992
2.423,2.4238000000000004
2.541,2.541509999999999
2.403,2.407039999999998
2.362,2.3599899999999976
2.437,2.4377300000000037
2.586,2.5889600000000037
2.595,2.59277
2.551,2.549989999999997
2.573,2.5762500000000004
2.552,2.5534499999999984
2.436,2.4357500000000023
2.543,2.539640000000002
2.58,2.5819800000000037
2.575,2.5717099999999964
2.619,2.6176000000000013
2.571,2.569569999999999
2.535,2.5361399999999983
2.607,2.606750000000001
2.497,2.495330000000005
2.412,2.4144300000000025
2.484,2.4845100000000016
2.426,2.4295699999999956
2.432,2.4345199999999965
2.486,2.488969999999998
2.421,2.4188599999999987
2.469,2.4677299999999973
2.311,2.3147800000000016
2.521,2.5244199999999957
2.5,2.50374
2.418,2.4177200000000028
2.566,2.5612400000000006
2.594,2.597109999999997
2.339,2.3436699999999986
2.424,2.421070000000002
2.423,2.422820000000001
2.406,2.4074800000000023
2.583,2.5877099999999995
2.481,2.4825299999999975
2.474,2.477849999999998
2.3,2.296260000000002
2.564,2.5661899999999975
2.376,2.377970000000002
2.506,2.5024400000000004
2.528,2.5299899999999975
2.636,2.6355099999999982
2.369,2.3674
2.518,2.5144599999999993
2.68,2.6748900000000027
2.624,2.6202199999999993
2.521,2.518679999999995
2.451,2.4555199999999973
2.581,2.582229999999998
2.403,2.4042199999999987
2.548,2.5448400000000007
2.551,2.5518299999999967
2.606,2.608229999999998
2.539,2.535689999999997
2.449,2.445270000000004
2.497,2.4929200000000034
2.323,2.3270800000000005
2.431,2.435110000000002
2.459,2.457530000000002
2.448,2.4438100000000005
2.515,2.5105399999999953
2.418,2.4156100000000036
2.612,2.6129799999999985
2.5,2.4975600000000004
2.499,2.4952699999999974
2.467,2.4667200000000036
2.516,2.514199999999998
2.583,2.5816399999999993
2.413,2.410650000000002
2.434,2.4360899999999988
2.47,2.4687199999999994
2.365,2.3659300000000036
2.418,2.4178800000000025
2.452,2.4464899999999985
2.587,2.5851799999999963
2.526,2.5209300000000034
2.519,2.5214600000000016
2.585,2.5816800000000018
2.486,2.4904999999999977
2.539,2.540759999999996
2.49,2.4904300000000026
2.527,2.5219599999999964
2.442,2.441110000000003
2.487,2.4881799999999976
2.642,2.635119999999999
2.593,2.595989999999998
2.597,2.6025400000000007
2.624,2.6181199999999984
2.509,2.5066999999999964
2.52,2.5165100000000025
2.438,2.4391699999999967
2.468,2.464159999999997
2.562,2.561900000000004
2.62,2.617150000000002
2.486,2.4883799999999976
2.455,2.4516500000000025
2.5,2.4968800000000004
2.56,2.56331
2.356,2.360629999999998
2.27,2.2722400000000027
2.445,2.4407099999999966
2.378,2.376249999999996
2.449,2.4432700000000027
2.485,2.4849000000000045
2.455,2.4521300000000026
2.645,2.645280000000003
2.533,2.534029999999995
2.53,2.5344000000000007
2.562,2.5610900000000036
2.386,2.384719999999998
2.604,2.605120000000004
2.492,2.491379999999997
2.567,2.5636100000000033
2.393,2.3951700000000002
2.345,2.343249999999999
2.582,2.5817399999999977
2.538,2.5379300000000025
2.41,2.4133299999999975
2.413,2.4106600000000022
2.613,2.6120800000000006
2.381,2.3844499999999997
2.664,2.664029999999995
2.41,2.4103699999999977
2.564,2.557369999999997
2.467,2.4661200000000036
2.56,2.5587000000000013
2.446,2.4427999999999988
2.484,2.483480000000002
2.504,2.501579999999999
2.4,2.4029100000000025
2.574,2.574960000000004
2.449,2.446760000000004
2.477,2.4818300000000013
2.401,2.398280000000003
2.481,2.486029999999998
2.578,2.5754900000000016
2.498,2.501729999999998
2.474,2.4720399999999993
2.502,2.496590000000002
2.555,2.557565000000004
2.382,2.383840000000002
2.611,2.6092699999999978
2.572,2.5777100000000006
2.572,2.5735300000000016
2.544,2.541660000000002
2.502,2.501240000000003
2.567,2.5630200000000034
2.559,2.5616599999999994
2.465,2.463090000000002
2.443,2.439310000000003
2.51,2.5113399999999975
2.655,2.65673
2.376,2.375000000000002
2.353,2.351170000000001
2.516,2.515079999999998
2.505,2.502949999999998
2.517,2.511369999999998
2.524,2.5269900000000005
2.478,2.4743300000000015
2.649,2.64777
2.34,2.342360000000002
2.417,2.4188200000000015
2.49,2.490610000000001
2.336,2.339240000000003
2.482,2.48491
2.666,2.6690699999999983
2.502,2.5043600000000015
2.523,2.5198699999999983
2.374,2.3723199999999975
2.438,2.4364499999999962
2.462,2.465159999999997
2.468,2.471839999999998
2.628,2.6285899999999964
2.556,2.5574500000000024
2.389,2.386760000000002
2.525,2.5236100000000024
2.55,2.551880000000003
2.614,2.612750000000002
2.658,2.656469999999996
2.398,2.4009099999999983
2.419,2.4162500000000033
2.374,2.3741299999999983
2.477,2.481320000000002
2.547,2.544979999999997
2.599,2.601449999999997
2.492,2.4895499999999977
2.468,2.4667199999999974
2.515,2.520349999999996
2.416,2.413389999999999
2.709,2.7063200000000025
2.339,2.34106
2.518,2.51417
2.702,2.701899999999999
2.501,2.5004000000000017
2.481,2.478029999999999
2.464,2.46256
2.482,2.4842600000000004
2.637,2.6366999999999994
2.279,2.2790399999999975
2.653,2.6479699999999986
2.358,2.3603700000000027
2.473,2.472820000000003
2.457,2.458229999999998
2.559,2.560559999999999
2.34,2.34036
2.546,2.5443799999999985
2.702,2.702699999999999
2.364,2.3640700000000017
2.519,2.5149200000000023
2.434,2.4328599999999994
2.543,2.542590000000002
2.502,2.5040700000000022
2.436,2.436350000000003
2.549,2.5523200000000044
2.68,2.6733300000000035
2.481,2.4783499999999985
2.572,2.571130000000001
2.371,2.371470000000002
2.404,2.406879999999999
2.547,2.549619999999999
2.648,2.6470300000000004
2.536,2.53578
2.469,2.466859999999998
2.5,2.50387
2.375,2.37109
2.56,2.561140000000001
2.588,2.591649999999998
2.455,2.4503000000000035
2.453,2.4473300000000022
2.527,2.5289699999999953
2.456,2.4576999999999964
2.493,2.492359999999998
2.71,2.7089000000000003
2.475,2.4711699999999976
2.464,2.460729999999999
2.435,2.43238
2.574,2.5769200000000025
2.482,2.4831499999999997
2.435,2.431060000000001
2.632,2.631310000000002
2.642,2.6414599999999973
2.44,2.441449999999999
2.313,2.314829999999997
2.601,2.5995899999999996
2.432,2.433429999999997
2.579,2.5817100000000015
2.303,2.300009999999999
2.589,2.5903199999999993
2.379,2.375359999999999
2.573,2.574670000000001
2.501,2.497910000000002
2.405,2.4049400000000007
2.459,2.4642200000000023
2.569,2.5671499999999967
2.511,2.5142599999999984
2.558,2.561399499999997
2.698,2.694790000000001
2.344,2.3420199999999975
2.662,2.656010000000001
2.51,2.5113999999999983
2.41,2.4149399999999988
2.367,2.3651499999999985
2.481,2.483699999999997
2.592,2.592700000000004
2.487,2.485459999999998
2.651,2.651230000000004
2.355,2.358339999999997
2.499,2.496509999999998
2.375,2.3727100000000005
2.536,2.5409800000000002
2.589,2.5869699999999995
2.458,2.4612999999999987
2.52,2.5266700000000033
2.544,2.5412000000000035
2.54,2.5354599999999996
2.624,2.6284399999999977
2.393,2.3974100000000003
2.568,2.5641500000000037
2.619,2.62147
2.322,2.3173100000000018
2.532,2.5315600000000003
2.45,2.4473499999999975
2.492,2.4931199999999984
2.535,2.5347199999999983
2.451,2.446819999999997
2.432,2.4366099999999964
2.503,2.5054699999999976
2.391,2.392919999999998
2.391,2.389589999999998
2.568,2.5662200000000026
2.385,2.389159999999998
2.567,2.5670800000000025
2.546,2.546359999999998
2.327,2.325039999999999
2.432,2.429519999999997
2.619,2.6193100000000005
2.402,2.4050199999999955
2.454,2.454690000000002
2.546,2.5407599999999984
2.578,2.5801600000000007
2.475,2.4786399999999973
2.44,2.440329999999999
2.642,2.6378799999999973
2.674,2.677590000000003
2.598,2.5993400000000038
2.509,2.514069999999996
2.419,2.414880000000002
2.417,2.4169500000000004
2.552,2.551689999999999
2.542,2.538480000000001
2.64,2.6358899999999954
2.565,2.5628899999999994
2.35,2.3480999999999974
2.605,2.603749999999997
2.4,2.3944600000000023
2.462,2.459889999999999
2.525,2.525450000000003
2.7,2.705199999999996
2.561,2.561410000000003
2.482,2.47735
2.553,2.548279999999999
2.589,2.5878999999999994
2.468,2.4672499999999986
2.68,2.679150000000005
2.523,2.517369999999999
2.55,2.5476400000000035
2.567,2.5653000000000037
2.542,2.5431800000000013
2.584,2.583930000000002
2.438,2.439989999999996
2.444,2.4418299999999973
2.39,2.3869499999999952
2.544,2.539450000000003
2.578,2.5820900000000018
2.546,2.545389999999999
2.667,2.6723300000000005
2.499,2.501999999999998
2.567,2.564580000000003
2.391,2.3938799999999976
2.461,2.4597400000000036
2.57,2.565619999999997
2.585,2.5853400000000017
2.471,2.469710000000002
2.493,2.4917899999999977
2.348,2.3441800000000033
2.464,2.4638899999999997
2.589,2.5946800000000003
2.558,2.561759999999997
2.55,2.545190000000002
2.505,2.505699999999998
2.501,2.501830000000001
2.434,2.4352399999999985
2.57,2.568254999999996
2.542,2.5367500000000005
2.549,2.552610000000003
2.447,2.449310000000002
2.285,2.2912599999999985
2.61,2.6098500000000042
2.452,2.455589999999999
2.414,2.4150999999999967
2.569,2.5674099999999966
2.461,2.462180000000004
2.606,2.6076199999999985
2.562,2.5572300000000023
2.568,2.564910000000004
2.363,2.36574
2.621,2.615400000000003
2.526,2.5305100000000014
2.463,2.4624799999999967
2.514,2.5139100000000023
2.322,2.323800000000001
2.541,2.5417099999999992
2.397,2.3952599999999977
2.365,2.3664300000000016
2.348,2.3483300000000034
2.611,2.6084999999999967
2.437,2.4381200000000036
2.653,2.6550099999999985
2.446,2.4406199999999996
2.329,2.3249400000000007
2.388,2.3889800000000023
2.624,2.6269699999999996
2.484,2.484990000000002
2.445,2.445109999999997
2.516,2.5124699999999986
2.55,2.5513100000000035
2.612,2.6104599999999967
2.645,2.6400400000000026
2.464,2.46385
2.367,2.3678799999999978
2.459,2.4580700000000015
2.526,2.5269200000000027
2.404,2.400779999999999
2.404,2.4079999999999973
2.534,2.534099999999998
2.495,2.489730000000002
2.503,2.5004899999999974
2.424,2.4224600000000027
2.477,2.473810000000002
2.408,2.4112699999999974
2.589,2.5897499999999996
2.604,2.5983900000000033
2.315,2.3157499999999978
2.407,2.403000000000001
2.35,2.3489399999999976
2.435,2.435950000000001
2.492,2.489179999999998
2.355,2.357139999999998
2.408,2.4116299999999957
2.4,2.4001100000000015
2.521,2.5199099999999954
2.507,2.506460000000003
2.428,2.4310199999999975
2.518,2.5168700000000004
2.445,2.4454399999999974
2.473,2.4725400000000035
2.667,2.6621299999999994
2.634,2.6333499999999948
2.37,2.3715600000000014
2.583,2.58136
2.581,2.582529999999998
2.385,2.3901299999999974
2.582,2.5828299999999973
2.654,2.6544099999999986
2.388,2.383350000000002
2.408,2.4075399999999982
2.602,2.606350000000002
2.527,2.5298399999999965
2.555,2.5566400000000034
2.534,2.5364299999999975
2.539,2.539459999999996
2.367,2.366119999999998
2.605,2.604359999999997
2.617,2.616169999999998
2.477,2.473340000000002
2.496,2.4970500000000024
2.347,2.3440200000000018
2.551,2.550149999999998
2.557,2.555059999999997
2.494,2.49666
2.612,2.611569999999998
2.467,2.464780000000005
2.556,2.558130000000003
2.398,2.3949299999999996
2.498,2.495259999999997
2.483,2.481390000000002
2.523,2.525029999999999
2.463,2.4656599999999975
2.487,2.4861099999999983
2.583,2.5824699999999994
2.456,2.4599899999999972
2.339,2.3385299999999987
2.675,2.676020000000003
2.638,2.6389100000000023
2.371,2.3684500000000024
2.569,2.5689299999999964
2.45,2.454439999999997
2.526,2.528470000000002
2.529,2.525969999999998
2.477,2.471830000000002
2.422,2.4236599999999986
2.431,2.433820000000004
2.408,2.409849999999996
2.417,2.4196200000000005
2.493,2.4909699999999977
2.428,2.424549999999998
2.568,2.5695900000000025
2.649,2.6464499999999997
2.442,2.4423400000000033
2.524,2.52914
2.55,2.5457200000000015
2.547,2.5483799999999976
2.508,2.5083900000000012
2.574,2.571060000000004
2.548,2.544190000000001
2.376,2.3726300000000022
2.587,2.5874499999999974
2.589,2.5866299999999995
2.424,2.4267700000000034
2.504,2.5004799999999987
2.568,2.565630000000003
2.479,2.4820600000000046
2.607,2.60536
2.421,2.4184999999999977
2.362,2.363279999999998
2.53,2.53451
2.572,2.5684300000000007
2.477,2.478080000000002
2.645,2.6384900000000022
2.366,2.367550000000004
2.569,2.5672099999999975
2.439,2.4400599999999972
2.672,2.6712000000000007
2.699,2.697460000000004
2.423,2.422550000000001
2.445,2.4414099999999963
2.586,2.5850600000000044
2.461,2.459990000000004
2.495,2.4936900000000026
2.503,2.5078099999999974
2.308,2.311779999999996
2.499,2.4958499999999977
2.431,2.431110000000002
2.451,2.447529999999997
2.644,2.6431000000000013
2.374,2.372659999999999
2.581,2.5819899999999967
2.472,2.467280000000002
2.472,2.470990000000002
2.579,2.5844800000000014
2.534,2.5352699999999984
2.557,2.557249999999997
2.597,2.592440000000002
2.467,2.466760000000003
2.439,2.437329999999996
2.391,2.393179999999998
2.417,2.4159800000000007
2.624,2.625659999999998
2.365,2.364140000000002
2.368,2.3710399999999985
2.548,2.5461300000000016
2.555,2.5557600000000034
2.555,2.5573100000000037
2.475,2.477949999999998
2.487,2.4848099999999977
2.533,2.530099999999996
2.509,2.508719999999997
2.278,2.277949999999998
2.477,2.475380000000003
2.415,2.4168899999999987
2.518,2.517010000000001
2.537,2.537750000000002
2.469,2.472089999999998
2.592,2.5918700000000037
2.548,2.551950000000001
2.542,2.540080000000001
2.561,2.5625900000000024
2.706,2.708339999999998
2.387,2.38911
2.547,2.5447799999999985
2.407,2.4079500000000036
2.556,2.558640000000002
2.408,2.4111599999999958
2.458,2.4553599999999984
2.47,2.4693700000000005
2.598,2.6005800000000034
2.592,2.590410000000004
2.375,2.3711200000000003
2.505,2.5090299999999974
2.429,2.425070000000001
2.374,2.370979999999998
2.478,2.4800700000000035
2.469,2.4707799999999973
2.543,2.545050000000003
2.362,2.3593099999999985
2.444,2.445229999999996
2.602,2.598840000000001
2.709,2.711600000000002
2.341,2.3350500000000016
2.312,2.3141700000000034
2.687,2.680910000000004
2.539,2.5377099999999966
2.413,2.412660000000002
2.553,2.5571499999999987
2.5,2.501599999999999
2.533,2.5316999999999963
2.592,2.5894100000000035
2.399,2.3982199999999994
2.509,2.5106899999999963
2.407,2.411940000000002
2.526,2.5292300000000005
2.41,2.408789999999997
2.459,2.4591200000000013
2.4,2.405340000000002
2.565,2.5605199999999995
2.586,2.583860000000003
2.477,2.4812700000000008
2.504,2.5074799999999975
2.355,2.357469999999998
2.47,2.47327
2.495,2.4966100000000013
2.389,2.385960000000002
2.646,2.6517699999999973
2.6,2.5970499999999985
2.528,2.5307799999999983
2.676,2.676979999999996
2.537,2.538250000000003
2.539,2.5405499999999974
2.495,2.4983500000000025
2.622,2.6248600000000044
2.61,2.611490000000004
2.437,2.4352300000000024
2.368,2.3705099999999977
2.48,2.476459999999997
2.42,2.4216099999999963
2.494,2.490180000000001
2.624,2.6263499999999977
2.454,2.450630000000001
2.496,2.4949400000000024
2.506,2.50611
2.585,2.5887200000000017
2.275,2.2750200000000023
2.439,2.4384199999999963
2.521,2.5194799999999953
2.62,2.6176000000000026
2.451,2.4466899999999976
2.312,2.3101900000000026
2.562,2.563650000000003
2.436,2.434650000000002
2.381,2.3825499999999993
2.438,2.441379999999997
2.482,2.48584
2.44,2.437149999999999
2.279,2.2835099999999975
2.59,2.5890000000000013
2.627,2.6284200000000033
2.565,2.5595899999999987
2.386,2.3862099999999984
2.48,2.482109999999999
2.499,2.4984299999999977
2.56,2.5604500000000012
2.567,2.565570000000003
2.427,2.4261799999999996
2.508,2.5076400000000025
2.546,2.5505399999999994
2.646,2.649179999999997
2.57,2.566339999999997
2.579,2.583010000000001
2.508,2.5034400000000017
2.641,2.6385699999999974
2.541,2.540469999999998
2.414,2.420079999999996
2.64,2.636169999999995
2.57,2.5667499999999968
2.456,2.458999999999997
2.452,2.448259999999998
2.53,2.5308999999999995
2.546,2.5469499999999985
2.52,2.5174100000000026
2.531,2.534990000000002
2.67,2.6718399999999973
2.607,2.6074
2.519,2.515420000000002
2.594,2.597169999999999
2.397,2.3951499999999974
2.54,2.5341699999999987
2.681,2.6779700000000015
2.478,2.4742800000000025
2.415,2.418619999999999
2.435,2.432520000000001
2.391,2.389879999999998
2.422,2.4218699999999997
2.463,2.464049999999998
2.359,2.3598800000000026
2.502,2.505010000000002
2.59,2.590000000000001
2.409,2.4121499999999974
2.652,2.6539299999999963
2.551,2.553429999999997
2.603,2.6041800000000013
2.434,2.437089999999998
2.585,2.5833200000000023
2.391,2.391909999999998
2.589,2.5863999999999994
2.517,2.515349999999999
2.555,2.5557900000000027
2.382,2.379130000000002
2.41,2.411519999999998
2.56,2.558940000000002
2.405,2.40503
2.546,2.5416399999999992
2.363,2.36313
2.585,2.5827300000000006
2.377,2.380380000000003
2.555,2.553490000000003
2.563,2.5609599999999966
2.43,2.432350000000003
2.558,2.5576899999999965
2.526,2.528400000000002
2.446,2.4432099999999997
2.399,2.397020000000001
2.304,2.3005300000000015
2.535,2.5383199999999992
2.344,2.345259999999999
2.51,2.5104599999999975
2.474,2.472149999999998
2.568,2.5664500000000046
2.47,2.468559999999999
2.467,2.4671800000000044
2.573,2.577490000000001
2.534,2.534359999999998
2.532,2.5317500000000037
2.547,2.5426899999999986
2.346,2.343230000000002
2.576,2.573019999999996
2.561,2.5615600000000027
2.398,2.3971999999999984
2.476,2.47975
2.496,2.4944200000000025
2.487,2.484219999999998
2.533,2.533169999999997
2.643,2.6429299999999993
2.608,2.6095100000000024
2.369,2.3681000000000005
2.562,2.5615300000000034
2.633,2.6340100000000013
2.539,2.5345599999999973
2.609,2.6102700000000025
2.701,2.700359999999997
2.602,2.6043600000000016
2.525,2.528980000000003
2.605,2.6000599999999987
2.514,2.5132800000000026
2.502,2.5025100000000036
2.465,2.464730000000002
2.656,2.6586200000000018
2.418,2.419380000000003
2.653,2.652859999999998
2.55,2.546290000000003
2.36,2.361670000000004
2.537,2.538120000000003
2.29,2.2929099999999987
2.563,2.5648499999999967
2.589,2.5855800000000007
2.441,2.440160000000001
2.512,2.511520000000001
2.695,2.6981399999999973
2.449,2.445750000000003
2.394,2.393980000000003
2.648,2.652389999999999
2.696,2.6951400000000003
2.5,2.5000700000000005
2.601,2.59892
2.634,2.634679999999995
2.426,2.4285199999999967
2.451,2.4499299999999966
2.623,2.6246299999999976
2.669,2.663030000000001
2.556,2.551600000000002
2.412,2.415120000000003
2.699,2.6996400000000036
2.447,2.4454800000000008
2.466,2.4685400000000026
2.534,2.534069999999997
2.655,2.6556599999999997
2.585,2.5831300000000015
2.541,2.538579999999998
2.546,2.5446599999999977
2.504,2.506729999999999
2.556,2.5532100000000026
2.47,2.46806
2.524,2.5272900000000003
2.385,2.387679999999998
2.539,2.5426999999999955
2.48,2.4768399999999975
2.676,2.680769999999996
2.657,2.6583100000000015
2.453,2.4539600000000013
2.485,2.4858300000000044
2.493,2.494059999999998
2.455,2.4600100000000027
2.52,2.518770000000004
2.424,2.4200700000000026
2.387,2.3875599999999997
2.562,2.560730000000004
2.563,2.5655099999999957
2.42,2.416209999999996
2.59,2.5887900000000013
2.437,2.4370200000000017
2.525,2.530090000000003
2.582,2.5823699999999956
2.497,2.494440000000003
2.545,2.545499999999997
2.448,2.4458100000000016
2.48,2.4737599999999973
2.479,2.481720000000004
2.425,2.428570000000002
2.482,2.48458
2.345,2.3455000000000004
2.451,2.4504399999999964
2.472,2.472470000000001
2.474,2.4671699999999985
2.476,2.472949999999999
2.494,2.491000000000001
2.548,2.550630000000001
2.587,2.585979999999998
2.435,2.4318100000000014
2.38,2.3780999999999985
2.396,2.398219999999996
2.451,2.4564099999999978
2.465,2.4626700000000024
2.423,2.424920000000002
2.37,2.3668800000000023
2.454,2.4571000000000023
2.518,2.5157100000000003
2.56,2.556780000000002
2.444,2.440259999999997
2.459,2.459310000000002
2.407,2.4085200000000024
2.497,2.492100000000002
2.415,2.4157599999999992
2.557,2.5578499999999957
2.321,2.321099999999999
2.464,2.4660999999999986
2.53,2.5333699999999997
2.518,2.51591
2.535,2.5347099999999982
2.4,2.4049100000000023
2.49,2.488660000000003
2.322,2.3219600000000007
2.492,2.4924599999999986
2.417,2.4150900000000006
2.592,2.590910000000004
2.445,2.442059999999996
2.488,2.4872699999999996
2.436,2.4403700000000024
2.674,2.6782100000000018
2.468,2.4705699999999973
2.683,2.6825499999999973
2.581,2.5805999999999982
2.548,2.5505400000000025
2.537,2.532150000000002
2.539,2.5379399999999963
2.307,2.3038599999999976
2.472,2.469880000000001
2.585,2.5837000000000017
2.495,2.4939600000000017
2.359,2.360110000000002
2.495,2.4897700000000014
2.67,2.672999999999998
2.625,2.6274600000000006
2.494,2.4904099999999993
2.595,2.590690000000001
2.463,2.4650199999999973
2.33,2.3276500000000024
2.408,2.4130999999999965
2.656,2.6565100000000017
2.473,2.476790000000003
2.476,2.4736499999999984
2.47,2.4720799999999996
2.69,2.6885399999999993
2.663,2.6615000000000024
2.722,2.7227100000000006
2.484,2.485250000000002
2.53,2.530980000000001
2.348,2.3470600000000035
2.648,2.653249999999998
2.383,2.3782900000000016
2.522,2.5183599999999986
2.39,2.389919999999996
2.441,2.4414400000000014
2.416,2.4178299999999995
2.439,2.436059999999997
2.446,2.449919999999999
2.445,2.443139999999996
2.583,2.5866100000000007
2.39,2.388249999999996
2.522,2.5184599999999975
2.622,2.6203800000000017
2.449,2.4447300000000025
2.428,2.4263999999999992
2.477,2.4730000000000003
2.618,2.611359999999999
2.519,2.5144900000000012
2.447,2.4425700000000017
2.548,2.544330000000001
2.39,2.3892099999999954
2.568,2.569430000000005
2.541,2.5421999999999985
2.469,2.467539999999996
2.416,2.421479999999999
2.411,2.4088600000000007
2.553,2.554849999999999
2.623,2.628079999999997
2.436,2.437620000000002
2.546,2.543739999999999
2.291,2.2909999999999977
2.442,2.447200000000002
2.497,2.5015700000000005
2.409,2.4111399999999983
2.406,2.407470000000002
2.433,2.434139999999996
2.529,2.5294899999999974
2.481,2.4821999999999984
2.276,2.276270000000002
2.288,2.2874200000000027
2.439,2.442149999999999
2.546,2.5402399999999976
2.45,2.4461899999999974
2.447,2.443460000000002
2.639,2.6363300000000023
2.461,2.460600000000003
2.538,2.531900000000001
2.514,2.5128400000000024
2.287,2.2890800000000033
2.577,2.581099999999999
2.522,2.516569999999998
2.551,2.546349999999997
2.292,2.2899400000000005
2.672,2.6693899999999986
2.471,2.468290000000002
2.529,2.532659999999998
2.495,2.4976600000000015
2.458,2.4594599999999995
2.443,2.4430000000000036
2.533,2.530709999999997
2.348,2.3482500000000046
2.575,2.5800499999999977
2.458,2.4583799999999987
2.387,2.3893
2.455,2.450750000000004
2.626,2.6256800000000022
2.446,2.4429199999999995
2.536,2.539010000000001
2.427,2.4242099999999995
2.576,2.5783999999999967
2.569,2.5657899999999967
2.685,2.6848200000000007
2.482,2.4846299999999997
2.567,2.5642500000000017
2.51,2.5114899999999976
2.63,2.635799999999998
2.428,2.425359999999998
2.575,2.5722999999999967
2.481,2.4810699999999977
2.494,2.49301
2.509,2.5113499999999966
2.525,2.522390000000003
2.488,2.48964
2.521,2.5231599999999954
2.658,2.6600499999999965
2.599,2.596789999999998
2.587,2.583819999999997
2.454,2.4552000000000014
2.411,2.411930000000001
2.596,2.5928700000000022
2.588,2.5859499999999973
2.647,2.647369999999998
2.44,2.441889999999999
2.477,2.4787800000000018
2.336,2.338530000000004
2.461,2.463190000000003
2.6,2.6001999999999974
2.453,2.4543900000000023
2.564,2.560109999999997
2.481,2.4841599999999984
2.532,2.535990000000003
2.385,2.3832099999999974
2.509,2.513319999999995
2.481,2.484149999999998
2.337,2.3408099999999967
2.621,2.616740000000002
2.578,2.5757400000000006
2.547,2.544899999999998
2.652,2.6541199999999954
2.405,2.4076800000000005
2.675,2.6771900000000026
2.593,2.588969999999998
2.476,2.4805600000000005
2.614,2.6107500000000017
2.389,2.3901500000000016
2.418,2.415040000000003
2.439,2.4415899999999975
2.447,2.442900000000001
2.394,2.396130000000003
2.622,2.622800000000004
2.474,2.470019999999998
2.535,2.534429999999998
2.443,2.443130000000003
2.318,2.315410000000003
2.527,2.530239999999996
2.309,2.3115599999999987
2.493,2.488749999999998
2.363,2.363369999999999
2.699,2.7021700000000033
2.591,2.5965900000000035
2.511,2.5165799999999976
2.626,2.624560000000001
2.415,2.4149899999999986
2.554,2.5540000000000007
2.52,2.519100000000002
2.526,2.5230700000000033
2.627,2.6277800000000036
2.573,2.57791
2.529,2.5250999999999983
2.335,2.3359700000000005
2.404,2.410109999999998
2.488,2.48422
2.509,2.506999999999997
2.387,2.3893999999999997
2.652,2.648249999999996
2.56,2.5593500000000007
2.507,2.507450000000003
2.479,2.480530000000004
2.405,2.4006600000000016
2.508,2.5059200000000006
2.526,2.5277600000000016
2.376,2.3720100000000026
2.533,2.5347199999999956
2.484,2.485020000000002
2.309,2.3112999999999992
2.414,2.4121799999999967
2.459,2.460360000000002
2.689,2.686569999999998
2.556,2.557090000000002
2.366,2.367120000000005
2.549,2.545990000000003
2.345,2.3438699999999995
2.608,2.6057000000000015
2.453,2.4484900000000023
2.491,2.491213333333337
2.633,2.6327500000000015
2.371,2.3747800000000017
2.36,2.363210000000004
2.442,2.442430000000003
2.604,2.610550000000002
2.348,2.347330000000003
2.455,2.4563700000000037
2.555,2.5576900000000027
2.62,2.617950000000003
2.454,2.4568400000000015
2.459,2.4630400000000003
2.615,2.618310000000003
2.313,2.315229999999998
2.461,2.457520000000002
2.519,2.5160500000000026
2.545,2.5470499999999974
2.449,2.4476800000000027
2.503,2.5047799999999985
2.434,2.430639999999999
2.545,2.546049999999996
2.402,2.3989099999999954
2.506,2.5071000000000008
2.545,2.5418099999999972
2.466,2.4646000000000017
2.517,2.5195399999999974
2.404,2.402529999999997
2.479,2.4781200000000037
2.561,2.5603400000000027
2.516,2.5154099999999975
2.441,2.4440100000000005
2.522,2.5186899999999985
2.571,2.56852
2.295,2.2975699999999972
2.616,2.614080000000005
2.466,2.462450000000002
2.543,2.5404600000000035
2.62,2.6172100000000023
2.363,2.367389999999999
2.429,2.4343200000000023
2.471,2.4671000000000025
2.422,2.422509999999998
2.673,2.6773800000000008
2.414,2.4150199999999966
2.444,2.4422199999999963
2.52,2.518470000000003
2.38,2.3836599999999977
2.46,2.458380000000002
2.532,2.5360900000000024
2.467,2.4694100000000043
2.491,2.4885200000000043
2.447,2.4412300000000027
2.349,2.350559999999998
2.532,2.5347300000000024
2.675,2.6731500000000046
2.502,2.4992700000000023
2.523,2.5233899999999987
2.569,2.5656599999999976
2.373,2.3682299999999987
2.67,2.6708199999999978
2.52,2.5178600000000038
2.663,2.662720000000002
2.427,2.4224799999999993
2.682,2.682449999999997
2.578,2.5749800000000023
2.555,2.5516400000000035
2.523,2.5185099999999987
2.475,2.4782699999999975
2.62,2.617870000000002
2.514,2.5146800000000025
2.303,2.3025199999999995
2.388,2.385850000000002
2.481,2.4854299999999983
2.531,2.528000000000002
2.494,2.49201
2.622,2.623820000000004
2.305,2.309260000000003
2.514,2.5131300000000025
2.318,2.316970000000002
2.576,2.5796799999999975
2.491,2.488460000000004
2.542,2.5387500000000007
2.414,2.417339999999997
2.628,2.6268099999999963
2.604,2.608110000000004
2.558,2.5598899999999976
2.487,2.4868399999999977
2.558,2.5575999999999963
2.429,2.4258300000000013
2.586,2.586300000000004
2.665,2.662569999999998
2.607,2.6084700000000005
2.427,2.424929999999999
2.536,2.5383400000000003
2.371,2.369320000000003
2.557,2.559229999999996
2.545,2.542729999999996
2.313,2.3115999999999963
2.384,2.3817699999999964
2.472,2.471130000000002
2.47,2.4707199999999987
2.379,2.376569999999999
2.539,2.537299999999997
2.525,2.525840000000002
2.481,2.478279999999998
2.424,2.4193000000000024
2.605,2.6065599999999978
2.666,2.665109999999998
2.452,2.453759999999999
2.439,2.4414499999999975
2.549,2.5500600000000038
2.464,2.4626699999999997
2.486,2.4855199999999975
2.574,2.570260000000003
2.309,2.305409999999999
2.632,2.6346300000000014
2.507,2.506620000000002
2.459,2.455870000000002
2.491,2.489440000000003
2.496,2.494090000000002
2.327,2.3210099999999994
2.649,2.6522399999999995
2.504,2.503769999999997
2.544,2.540660000000002
2.595,2.59251
2.398,2.3953199999999986
2.547,2.5455899999999985
2.473,2.474690000000004
2.585,2.5827400000000016
2.287,2.2915400000000026
2.49,2.4905800000000027
2.44,2.436839999999998
2.543,2.5481300000000022
2.547,2.544719999999998
2.429,2.430600000000001
2.429,2.430830000000001
2.489,2.4929600000000014
2.41,2.4141199999999983
2.584,2.583080000000001
2.463,2.464449999999997
2.463,2.462229999999997
2.396,2.393099999999995
2.337,2.334439999999998
2.376,2.3719900000000025
2.511,2.512059999999997
2.633,2.6338200000000023
2.531,2.5326800000000027
2.439,2.4389199999999978
2.546,2.545599999999999
2.454,2.4572700000000007
2.431,2.4348800000000033
2.385,2.3879799999999984
2.325,2.3231599999999974
2.461,2.462150000000003
2.516,2.516499999999998
2.49,2.489070000000002
2.458,2.456749999999998
2.405,2.4007900000000015
2.561,2.557730000000003
2.368,2.365659999999998
2.578,2.5773900000000007
2.4,2.3950100000000027
2.425,2.429170000000003
2.353,2.350560000000001
2.45,2.4528099999999973
2.598,2.595890000000003
2.552,2.5532299999999992
2.598,2.595190000000004
2.552,2.5545299999999993
2.39,2.3932699999999953
2.467,2.4698800000000034
2.422,2.418879999999999
2.633,2.6307000000000027
2.38,2.384979999999998
2.589,2.5887900000000004
2.589,2.5887999999999987
2.683,2.682509999999996
2.459,2.4612100000000017
2.571,2.5712899999999985
2.728,2.727300000000002
2.438,2.435169999999998
2.346,2.3470500000000016
2.312,2.313890000000002
2.571,2.5684100000000014
2.312,2.3136800000000033
2.463,2.460369999999998
2.544,2.5429800000000027
2.519,2.517670000000002
2.543,2.5425600000000026
2.522,2.5201899999999977
2.628,2.628869999999998
2.405,2.40129
2.432,2.427869999999997
2.423,2.4191599999999993
2.583,2.586869999999999
2.59,2.591980000000002
2.545,2.549109999999997
2.618,2.614279999999998
2.382,2.379200000000002
2.667,2.6671299999999984
2.652,2.654669999999996
2.574,2.576920000000003
2.678,2.681239999999999
2.334,2.3363500000000017
2.448,2.451940000000002
2.426,2.4244599999999963
2.572,2.5758000000000014
2.395,2.3973700000000027
2.576,2.5786399999999974
2.637,2.63554
2.57,2.572869999999997
2.528,2.524419999999998
2.401,2.3980800000000024
2.415,2.4163999999999985
2.625,2.6262999999999987
2.578,2.5776100000000013
2.496,2.4917400000000027
2.458,2.4598499999999994
2.297,2.2953299999999985
2.393,2.39478
2.691,2.68738
2.372,2.3701800000000026
2.519,2.520480000000003
2.601,2.60539
2.375,2.3793499999999996
2.518,2.5159000000000002
2.594,2.596239999999998
2.501,2.5017200000000006
2.333,2.3351799999999994
2.606,2.608519999999998
2.483,2.4812900000000013
2.577,2.580259999999998
2.544,2.5418700000000016
2.427,2.4289199999999984
2.523,2.5272699999999997
2.314,2.317419999999997
2.56,2.5645300000000004
2.53,2.52775
2.564,2.5602599999999978
2.606,2.6067599999999977
2.537,2.5370400000000015
2.515,2.515209999999996
2.412,2.415720000000002
2.429,2.432510000000001
2.619,2.615060000000001
2.644,2.6455800000000016
2.476,2.4732
2.505,2.5083499999999974
2.41,2.4125699999999988
2.617,2.618029999999998
2.567,2.566360000000003
2.694,2.6986199999999974
2.412,2.414870000000003
2.462,2.461479999999999
2.523,2.518709999999999
2.565,2.5619799999999993
2.478,2.4742800000000016
2.413,2.415970000000001
2.588,2.594169999999998
2.572,2.574360000000002
2.408,2.413319999999997
2.636,2.6345999999999985
2.617,2.6149099999999965
2.513,2.5133800000000024
2.508,2.510750000000003
2.555,2.554820000000003
2.414,2.416219999999996
2.503,2.507899999999997
2.285,2.286169999999999
2.588,2.5888999999999975
2.344,2.3425999999999974
2.65,2.653070000000002
2.467,2.4624500000000036
2.479,2.4804800000000053
2.437,2.4367100000000033
2.471,2.475950000000001
2.642,2.6434899999999977
2.628,2.6269099999999974
2.534,2.538129999999997
2.379,2.376029999999998
2.392,2.391159999999998
2.668,2.6637900000000014
2.405,2.4043900000000007
2.385,2.388259999999998
2.614,2.6185400000000016
2.534,2.5323899999999977
2.406,2.410090000000003
2.522,2.520329999999997
2.397,2.394689999999998
2.61,2.6085300000000053
2.606,2.606819999999999
2.553,2.554379999999998
2.536,2.535150000000001
2.676,2.678689999999997
2.5,2.5047899999999994
2.382,2.379780000000002
2.545,2.540669999999996
2.709,2.707220000000002
2.399,2.3974200000000003
2.464,2.4658
2.542,2.5451600000000005
2.495,2.4937000000000027
2.402,2.4045299999999963
2.612,2.6093499999999983
2.732,2.7276200000000004
2.52,2.522670000000003
2.41,2.4087399999999994
2.345,2.3447199999999997
2.526,2.525390000000002
2.61,2.6113000000000044
2.548,2.5441700000000007
2.5,2.5018999999999996
2.441,2.445760000000001
2.391,2.3940899999999985
2.583,2.58291
2.591,2.5898600000000016
2.345,2.3448599999999997
2.659,2.6600599999999974
2.557,2.5564499999999977
2.64,2.6357099999999964
2.366,2.3696000000000046
2.363,2.3659599999999994
2.485,2.484960000000004
2.55,2.546980000000003
2.68,2.683350000000004
2.571,2.56584
2.476,2.47218
2.397,2.3966299999999987
2.623,2.624489999999999
2.404,2.4065299999999983
2.663,2.665100000000002
2.472,2.4675700000000025
2.659,2.6597599999999977
2.568,2.568050000000003
2.486,2.482519999999997
2.448,2.445110000000001
2.466,2.466110000000001
2.543,2.545840000000004
2.508,2.5085900000000025
2.441,2.4388700000000014
2.483,2.4849500000000013
2.508,2.507040000000002
2.287,2.286890000000002
2.546,2.5459499999999973
2.402,2.398089999999996
2.385,2.386149999999997
2.331,2.3341299999999983
2.321,2.3211299999999992
2.364,2.3645800000000023
2.429,2.4341500000000007
2.695,2.6962399999999964
2.447,2.4449500000000013
2.518,2.5136800000000004
2.54,2.536739999999998
2.513,2.5166700000000013
2.492,2.491609999999999
2.38,2.3835999999999977
2.645,2.6468700000000025
2.681,2.6840400000000018
2.332,2.3328699999999962
2.398,2.3962999999999988
2.472,2.468400000000002
2.404,2.3991699999999985
2.551,2.547599999999996
2.427,2.4294799999999985
2.717,2.718990000000003
2.619,2.616530000000001
2.521,2.5257799999999953
2.603,2.604860000000002
2.611,2.608289999999998
2.444,2.4404899999999996
2.418,2.418510000000003
2.508,2.510400000000001
2.586,2.586140000000004
2.514,2.518050000000003
2.342,2.3453200000000023
2.42,2.4172899999999973
2.493,2.4913199999999973
2.492,2.493129999999997
2.697,2.7004000000000006
2.361,2.361599999999997
2.551,2.552389999999996
2.649,2.65307
2.727,2.722900000000001
2.46,2.4611300000000016
2.549,2.552540000000003
2.557,2.5582099999999968
2.52,2.522040000000003
2.49,2.490530000000003
2.544,2.5442600000000026
2.568,2.565720000000004
2.513,2.5144500000000023
2.478,2.4807500000000022
2.705,2.708720000000003
2.433,2.4323999999999972
2.46,2.462310000000002
2.699,2.6982600000000043
2.417,2.4139400000000006
2.445,2.4452899999999977
2.485,2.484320000000005
2.584,2.5848500000000025
2.521,2.5208599999999963
2.371,2.3680000000000017
2.447,2.4515300000000018
2.439,2.438919999999997
2.492,2.4903099999999982
2.543,2.543350000000003
2.542,2.5397900000000004
2.322,2.3163700000000014
2.606,2.6040899999999976
2.525,2.5305400000000016
2.638,2.6336600000000017
2.544,2.543550000000003
2.61,2.6119400000000055
2.547,2.5500899999999977
2.635,2.6315599999999977
2.552,2.5515399999999984
2.49,2.489330000000002
2.727,2.7271400000000003
2.589,2.5881299999999987
2.557,2.5585999999999958
2.372,2.3707300000000036
2.371,2.3697300000000023
2.529,2.5316599999999974
2.515,2.5135399999999963
2.439,2.4403599999999965
2.514,2.5096000000000025
2.659,2.6566299999999967
2.57,2.566719999999997
2.386,2.3882899999999974
2.489,2.4886100000000027
2.42,2.418089999999996
2.461,2.461390000000003
2.459,2.461640000000002
2.452,2.453719999999999
2.374,2.3762399999999975
2.487,2.483509999999997
2.444,2.444549999999997
2.705,2.7028300000000023
2.609,2.6056000000000017
2.462,2.4612699999999976
2.502,2.505490000000002
2.383,2.3858100000000024
2.67,2.665349999999998
2.69,2.6866399999999993
2.516,2.5172899999999983
2.602,2.6044100000000014
2.518,2.5160499999999986
2.366,2.3656200000000043
2.459,2.459430000000001
2.513,2.512130000000003
2.455,2.455590000000004
2.478,2.4810500000000015
2.491,2.4909200000000036
2.492,2.4892099999999973
2.505,2.5098299999999982
2.394,2.3944800000000024
2.428,2.4247099999999984
2.372,2.3734900000000034
2.598,2.599960000000004
2.289,2.2919999999999976
2.615,2.6143400000000026
2.639,2.6338900000000027
2.47,2.4676699999999996
2.464,2.4620499999999987
2.494,2.49308
2.399,2.3964899999999996
2.448,2.4524000000000017
2.653,2.656609999999999
2.566,2.568580000000001
2.408,2.409169999999996
2.34,2.3406200000000013
2.467,2.4699600000000026
2.479,2.4755400000000027
2.55,2.553320000000003
2.446,2.4461799999999987
2.551,2.553469999999997
2.694,2.694279999999998
2.582,2.583229999999998
2.495,2.493060000000001
2.482,2.4823599999999995
2.464,2.460449999999999
2.618,2.6156199999999985
2.437,2.4344600000000036
2.505,2.506729999999999
2.505,2.5063699999999987
2.45,2.4462999999999964
2.363,2.365369999999999
2.532,2.531030000000003
2.494,2.497949999999999
2.55,2.5481700000000034
2.447,2.4442700000000017
2.622,2.620330000000003
2.412,2.4149200000000017
2.671,2.6702399999999984
2.325,2.3265699999999967
2.543,2.5397200000000026
2.548,2.544960000000002
2.42,2.4208999999999974
2.542,2.537599999999999
2.628,2.630949999999996
2.278,2.277899999999999
2.55,2.5553700000000026
2.403,2.406969999999998
2.663,2.664650000000003
2.442,2.440810000000003
2.383,2.3782800000000024
2.48,2.4859399999999963
2.707,2.7070899999999978
2.317,2.316690000000003
2.395,2.3933000000000035
2.65,2.651250000000003
2.686,2.6838700000000033
2.49,2.4886600000000025
2.376,2.3787900000000017
2.71,2.71091
2.659,2.6583799999999984
2.568,2.565140000000003
2.419,2.418900000000002
2.495,2.495860000000002
2.484,2.4856600000000015
2.533,2.5362099999999956
2.645,2.6447900000000018
2.588,2.5878099999999966
2.392,2.3935199999999988
2.638,2.639030000000001
2.531,2.530570000000002
2.569,2.571689999999997
2.647,2.642519999999997
2.389,2.3929600000000026
2.496,2.49295
2.447,2.4466100000000024
2.343,2.3472799999999983
2.535,2.539509999999999
2.316,2.319010000000001
2.497,2.492810000000003
2.564,2.560409999999998
2.512,2.51095
2.489,2.4888200000000023
2.37,2.3684100000000026
2.523,2.5267999999999975
2.424,2.4268600000000036
2.281,2.285580000000002
2.619,2.615860000000002
2.596,2.597110000000002
2.505,2.507319999999998
2.523,2.518879999999998
2.607,2.6084700000000005
2.522,2.519809999999998
2.59,2.5909000000000013
2.47,2.4680999999999984
2.631,2.62975
2.532,2.5336300000000005
2.519,2.519610000000002
2.373,2.372259999999998
2.529,2.5298799999999972
2.417,2.41603
2.436,2.4385700000000026
2.418,2.415570000000002
2.393,2.395130000000001
2.712,2.709719999999997
2.633,2.631100000000003
2.692,2.6866400000000037
2.378,2.377169999999998
2.507,2.5091700000000015
2.371,2.3649100000000027
2.43,2.4351400000000036
2.408,2.4111999999999965
2.624,2.6251799999999985
2.46,2.460650000000002
2.607,2.6086200000000006
2.56,2.5589600000000012
2.73,2.727329999999999
2.352,2.3490600000000015
2.626,2.629550000000001
2.615,2.611840000000002
2.403,2.4001999999999986
2.601,2.59742
2.534,2.5342399999999983
2.477,2.477860000000002
2.418,2.421090000000004
2.428,2.4235399999999983
2.705,2.7034400000000027
2.5,2.50375
2.578,2.573870000000001
2.421,2.42019
2.422,2.428539999999998
2.608,2.6027900000000015
2.365,2.3670400000000025
2.458,2.460469999999999
2.503,2.504099999999997
2.511,2.509169999999998
2.482,2.47976
2.54,2.535789999999999
2.569,2.5649899999999968
2.573,2.5702900000000017
2.401,2.3990100000000023
2.472,2.4719700000000007
2.619,2.6159300000000014
2.589,2.58662
2.363,2.3664700000000005
2.535,2.530069999999998
2.302,2.29851
2.505,2.503009999999999
2.69,2.692529999999999
2.405,2.409440000000001
2.417,2.4178400000000004
2.576,2.5737599999999974
2.346,2.3456600000000014
2.437,2.434000000000004
2.56,2.5616800000000013
2.437,2.4389300000000036
2.476,2.4721000000000006
2.574,2.576010000000003
2.542,2.542330000000001
2.527,2.5274899999999954
2.466,2.464870000000002
2.537,2.533130000000002
2.488,2.4877099999999994
2.546,2.5419599999999978
2.45,2.446899999999997
2.482,2.48128
2.401,2.398280000000001
2.496,2.4931400000000035
2.419,2.425820000000002
2.389,2.387120000000002
2.526,2.5270800000000024
2.521,2.5208499999999976
2.578,2.5824300000000022
2.457,2.4618999999999973
2.541,2.541199999999998
2.555,2.549940000000002
2.544,2.5429300000000015
2.417,2.417240000000001
2.515,2.5120999999999962
2.536,2.53599
2.501,2.5037200000000017
2.291,2.292019999999998
2.516,2.5146799999999976
2.721,2.716210000000002
2.464,2.4657299999999993
2.427,2.429349999999998
2.537,2.5350100000000024
2.531,2.529780000000003
2.619,2.6148700000000007
2.374,2.3731699999999982
2.573,2.56961
2.559,2.560959999999999
2.486,2.486429999999997
2.534,2.5342299999999978
2.603,2.5972400000000015
2.587,2.5870699999999975
2.386,2.390429999999997
2.582,2.5830499999999974
2.494,2.4921300000000004
2.507,2.5090000000000017
2.507,2.5118500000000017
2.485,2.4858800000000048
2.619,2.62202
2.492,2.488369999999998
2.388,2.3917100000000024
2.461,2.461390000000003
2.518,2.5176299999999996
2.623,2.6262699999999977
2.56,2.560000000000001
2.415,2.413159999999999
2.526,2.5265400000000025
2.628,2.628099999999996
2.485,2.487760000000005
2.553,2.5495999999999976
2.584,2.580290000000001
2.622,2.624680000000002
2.606,2.6061299999999985
2.587,2.587959999999999
2.468,2.4674299999999976
2.443,2.440810000000003
2.533,2.531979999999997
2.593,2.594229999999998
2.478,2.482650000000003
2.607,2.606410000000001
2.645,2.6494700000000027
2.408,2.4115799999999967
2.416,2.4130899999999977
2.486,2.485879999999997
2.531,2.532520000000002
2.448,2.451140000000002
2.635,2.6322299999999985
2.542,2.54203
2.504,2.5030499999999973
2.356,2.3566399999999974
2.368,2.368399999999999
2.528,2.5309099999999973
2.287,2.2896000000000036
2.601,2.60452
2.484,2.486910000000001
2.731,2.729889999999998
2.482,2.484559999999999
2.489,2.4871000000000016
2.6,2.6012499999999976
2.67,2.6650899999999975
2.336,2.3401100000000032
2.321,2.3235399999999995
2.438,2.437389999999996
2.558,2.556689999999998
2.55,2.5543100000000023
2.607,2.60421
2.38,2.3839399999999973
2.268,2.2720700000000007
2.586,2.588950000000003
2.417,2.4157700000000006
2.298,2.3009000000000004
2.515,2.513499999999995
2.579,2.580870000000001
2.488,2.48573
2.454,2.4571900000000015
2.484,2.486710000000002
2.463,2.4648699999999972
2.365,2.3685800000000032
2.429,2.4319000000000015
2.552,2.5575
2.532,2.5325100000000034
2.517,2.513829999999998
2.4,2.397290000000003
2.482,2.4811299999999994
2.282,2.280290000000003
2.518,2.5145100000000005
2.643,2.6461099999999993
2.353,2.3497900000000014
2.441,2.4409500000000004
2.533,2.532479999999996
2.625,2.6259699999999997
2.455,2.4506500000000044
2.431,2.4336300000000035
2.303,2.3015299999999987
2.51,2.5125899999999977
2.704,2.7026000000000017
2.528,2.524179999999998
2.498,2.4969899999999985
2.532,2.530480000000003
2.499,2.4948099999999993
2.419,2.4176600000000033
2.582,2.5820299999999974
2.523,2.5269899999999983
2.502,2.5055500000000026
2.402,2.3999999999999972
2.63,2.630349999999998
2.566,2.5643100000000008
2.445,2.449559999999997
2.6,2.5954199999999976
2.45,2.4465099999999973
2.422,2.4202699999999986
2.424,2.422060000000003
2.323,2.3198100000000004
2.547,2.542559999999999
2.317,2.3207700000000036
2.377,2.3812000000000015
2.292,2.2904300000000006
2.491,2.4869800000000044
2.485,2.483270000000004
2.467,2.468200000000005
2.396,2.393169999999996
2.383,2.3868400000000025
2.546,2.541449999999998
2.445,2.4443399999999977
2.532,2.5329300000000026
2.411,2.4144300000000007
2.518,2.515530000000001
2.63,2.633299999999998
2.559,2.560629999999999
2.459,2.4592400000000016
2.526,2.528470000000002
2.476,2.4778899999999995
2.501,2.5002600000000017
2.467,2.463640000000003
2.484,2.4837700000000016
2.521,2.5179899999999957
2.401,2.4043700000000015
2.398,2.3961099999999984
2.361,2.365219999999997
2.34,2.3409600000000017
2.378,2.3820799999999966
2.516,2.515009999999997
2.411,2.406510000000001
2.551,2.554759999999996
2.503,2.5000199999999984
2.303,2.299149999999998
2.565,2.5644399999999994
2.581,2.582859999999997
2.401,2.3999700000000024
2.542,2.5368300000000015
2.414,2.4120499999999954
2.51,2.509409999999998
2.374,2.3782399999999977
2.321,2.317999999999999
2.462,2.459279999999998
2.488,2.4887899999999994
2.46,2.4592800000000015
2.382,2.387380000000002
2.46,2.4640100000000014
2.527,2.5214999999999956
2.496,2.496680000000002
2.518,2.519180000000001
2.433,2.4371299999999967
2.617,2.615929999999998
2.382,2.377510000000002
2.549,2.5467800000000036
2.618,2.6198899999999976
2.548,2.5451500000000014
2.48,2.4801199999999968
2.447,2.4452900000000013
2.604,2.6045600000000038
2.358,2.3620500000000013
2.403,2.404559999999998
2.46,2.4585900000000014
2.624,2.626459999999999
2.538,2.537190000000002
2.403,2.4061099999999986
2.469,2.469189999999996
2.439,2.4405199999999962
2.429,2.425520000000001
2.598,2.6000100000000037
2.363,2.36165
2.661,2.6587200000000006
2.583,2.5859399999999995
2.609,2.6098200000000014
2.454,2.449250000000001
2.485,2.489690000000004
2.357,2.353150000000001
2.448,2.445870000000001
2.549,2.5499000000000014
2.63,2.6309099999999974
2.389,2.3910700000000036
2.463,2.4641199999999968
2.485,2.483580000000005
2.36,2.360640000000004
2.559,2.5607499999999987
2.428,2.432339999999998
2.48,2.481709999999998
2.455,2.456910000000003
2.421,2.4177899999999983
2.499,2.500289999999998
2.478,2.4809900000000016
2.463,2.4652899999999978
2.427,2.423929999999998
2.532,2.5333400000000013
2.665,2.666649999999999
2.514,2.511610000000002
2.6,2.6028099999999985
2.361,2.3633499999999965
2.516,2.5176699999999967
2.39,2.391599999999995
2.352,2.357520000000002
2.426,2.4299999999999966
2.619,2.61745
2.595,2.597470000000001
2.524,2.5263100000000005
2.347,2.3461200000000018
2.48,2.4763199999999976
2.53,2.5311000000000003
2.518,2.51506
2.316,2.3144500000000003
2.411,2.414890000000001
2.494,2.49094
2.554,2.5586900000000004
2.28,2.27792
2.484,2.4832800000000015
2.514,2.5139800000000037
2.585,2.584390000000001
2.569,2.565909999999997
2.558,2.558299999999997
2.42,2.417389999999997
2.309,2.312909999999999
2.461,2.465090000000003
2.6,2.6043299999999983
2.639,2.637330000000003
2.571,2.572240000000001
2.543,2.542770000000003
2.538,2.5382600000000024
2.444,2.441849999999998
2.487,2.482505
2.667,2.66968
2.406,2.4085100000000024
2.661,2.664870000000001
2.468,2.4659199999999974
2.633,2.627930000000002
2.359,2.360710000000001
2.559,2.55541
2.426,2.4249699999999983
2.358,2.3565200000000015
2.522,2.520369999999997
2.601,2.604319999999999
2.416,2.412809999999998
2.35,2.349569999999998
2.491,2.4889700000000046
2.491,2.490990000000005
2.555,2.5526200000000037
2.595,2.591860000000001
2.494,2.49041
2.686,2.6846300000000025
2.522,2.5199899999999973
2.465,2.465410000000001
2.339,2.3443199999999997
2.474,2.4700599999999984
2.466,2.4651500000000026
2.596,2.598970000000002
2.546,2.5477099999999986
2.382,2.382610000000002
2.517,2.5133999999999976
2.567,2.564270000000003
2.653,2.6543399999999986
2.589,2.5857499999999987
2.576,2.580059999999997
2.506,2.5103299999999997
2.539,2.538539999999996
2.625,2.6286199999999997
2.367,2.3687899999999975
2.465,2.4654900000000026
2.423,2.418310000000001
2.538,2.5388800000000034
2.623,2.6273899999999974
2.44,2.4424499999999982
2.459,2.4632900000000024
2.591,2.592360000000003
2.554,2.5555700000000017
2.543,2.540430000000002
2.472,2.472520000000001
2.372,2.368020000000003
2.552,2.54736
2.417,2.418850000000001
2.718,2.720129999999999
2.557,2.5611699999999975
2.442,2.443520000000003
2.439,2.4354499999999977
2.491,2.489630000000006
2.476,2.4730199999999996
2.612,2.6094299999999975
2.519,2.5180500000000032
2.427,2.4222999999999986
2.689,2.6914899999999977
2.505,2.5054999999999983
2.577,2.579049999999999
2.439,2.436909999999997
2.536,2.5336000000000003
2.531,2.5324800000000023
2.311,2.3156200000000027
2.702,2.7029399999999986
2.629,2.631249999999997
2.46,2.4620900000000017
2.39,2.3901499999999958
2.535,2.534059999999998
2.509,2.5107999999999953
2.536,2.533000000000001
2.519,2.5161500000000028
2.551,2.5476999999999967
2.645,2.6493000000000024
2.557,2.554399999999996
2.395,2.397540000000004
2.636,2.6347299999999985
2.664,2.663129999999996
2.388,2.3870800000000028
2.524,2.52856
2.292,2.2963800000000005
2.555,2.5532800000000035
2.445,2.4446699999999972
2.692,2.6937000000000033
2.423,2.4259300000000015
2.331,2.3352299999999984
2.453,2.4502300000000012
2.302,2.3015299999999983
2.575,2.5716899999999963
2.293,2.2962000000000025
2.503,2.506189999999996
2.292,2.293480000000001
2.468,2.468549999999997
2.664,2.6625299999999954
2.536,2.5371800000000007
2.414,2.4162099999999964
2.497,2.4953300000000045
2.502,2.5056200000000017
2.547,2.544589999999998
2.363,2.3653699999999995
2.559,2.561179999999999
2.437,2.4383800000000027
2.451,2.4499699999999978
2.563,2.562849999999996
2.502,2.505830000000002
2.359,2.3596000000000013
2.402,2.3994399999999967
2.52,2.5222900000000035
2.492,2.4899899999999975
2.442,2.441490000000002
2.452,2.451599999999999
2.57,2.5706099999999967
2.448,2.4465500000000007
2.491,2.491960000000004
2.717,2.715830000000003
2.358,2.361530000000002
2.315,2.32062
2.578,2.576560000000001
2.432,2.4356499999999968
2.468,2.4670499999999977
2.422,2.421289999999998
2.474,2.471639999999998
2.66,2.659549999999998
2.58,2.5823500000000035
2.586,2.5855500000000045
2.358,2.3616300000000017
2.385,2.382739999999998
2.419,2.420440000000002
2.596,2.593400000000002
2.552,2.550209999999999
2.478,2.476470000000003
2.498,2.496419999999998
2.431,2.4363200000000025
2.52,2.516410000000002
2.577,2.580449999999999
2.338,2.3422699999999974
2.53,2.53208
2.593,2.592189999999997
2.458,2.458119999999999
2.57,2.5705599999999964
2.49,2.490360000000002
2.539,2.537899999999996
2.426,2.426639999999997
2.518,2.520470000000001
2.546,2.542049999999999
2.519,2.5148700000000024
2.398,2.397869999999998
2.521,2.518439999999997
2.646,2.6481499999999953
2.545,2.5442999999999976
2.596,2.5930700000000013
2.476,2.47315
2.575,2.577079999999997
2.528,2.5310199999999985
2.405,2.4008800000000003
2.532,2.5329500000000027
2.401,2.3983800000000017
2.437,2.437350000000004
2.519,2.514780000000003
2.53,2.5328700000000013
2.381,2.3839699999999993
2.605,2.6000799999999975
2.557,2.5583799999999965
2.43,2.4306300000000034
2.346,2.3465000000000007
2.486,2.487239999999998
2.455,2.4512800000000023
2.511,2.507759999999997
2.464,2.465559999999999
2.299,2.297420000000002
2.461,2.4613500000000026
2.469,2.468339999999997
2.563,2.561689999999997
2.43,2.431550000000002
2.668,2.661350000000003
2.309,2.3067999999999977
2.631,2.630949999999999
2.478,2.482990000000002
2.586,2.587960000000004
2.508,2.507420000000002
2.614,2.6125500000000024
2.461,2.4634100000000045
2.39,2.3895499999999967
2.642,2.6375799999999994
2.489,2.486630000000001
2.522,2.519059999999997
2.623,2.6254799999999965
2.397,2.401409999999997
2.56,2.560870000000001
2.441,2.4420400000000013
2.487,2.4883499999999983
2.507,2.5119000000000025
2.35,2.3466099999999974
2.422,2.416599999999999
2.635,2.6345299999999985
2.589,2.5897799999999993
2.494,2.492880000000001
2.524,2.52696
2.471,2.471780000000003
2.636,2.6357299999999975
2.48,2.483419999999997
2.523,2.5200599999999986
2.615,2.6154900000000025
2.422,2.420699999999999
2.656,2.654880000000002
2.347,2.3485400000000025
2.663,2.660150000000004
2.463,2.4644999999999975
2.476,2.4782899999999994
2.311,2.314260000000003
2.455,2.456490000000004
2.396,2.3943299999999965
2.439,2.440139999999997
2.486,2.488329999999997
2.596,2.5902100000000003
2.521,2.517819999999996
2.531,2.5306900000000025
2.39,2.3889799999999957
2.412,2.410370000000002
2.68,2.6821700000000033
2.426,2.423559999999996
2.666,2.6657499999999987
2.476,2.48057
2.5,2.4984900000000003
2.607,2.6048799999999988
2.627,2.629220000000001
2.489,2.489310000000002
2.461,2.4630100000000037
2.494,2.49162
2.534,2.5326699999999978
2.589,2.5848600000000004
2.5,2.5060999999999996
2.562,2.5619900000000033
2.664,2.6634399999999956
2.538,2.536560000000001
2.531,2.535720000000002
2.348,2.3483500000000044
2.539,2.537769999999996
2.491,2.490730000000005
2.449,2.453290000000004
2.524,2.5259700000000005
2.494,2.4922500000000007
2.613,2.610789999999999
2.509,2.511989999999996
2.425,2.424530000000003
2.599,2.6038199999999976
2.478,2.4745600000000025
2.553,2.555679999999999
2.452,2.453969999999999
2.435,2.4376400000000014
2.508,2.505060000000003
2.501,2.494220000000003
2.548,2.550810000000001
2.473,2.4685200000000034
2.316,2.3176600000000014
2.457,2.4596399999999976
2.579,2.583360000000001
2.47,2.46558
2.475,2.4754399999999985
2.599,2.6017899999999967
2.429,2.429510000000001
2.346,2.3478900000000014
2.484,2.488850000000003
2.452,2.4473599999999998
2.403,2.4068099999999975
2.482,2.4874999999999994
2.549,2.5519500000000024
2.499,2.494749999999998
2.531,2.531190000000002
2.681,2.6816800000000023
2.466,2.462820000000002
2.528,2.5302799999999976
2.449,2.451360000000003
2.415,2.4176099999999985
2.442,2.4418200000000034
2.452,2.458499999999998
2.536,2.536980000000001
2.428,2.430439999999998
2.458,2.460399999999999
2.494,2.49142
2.54,2.5364299999999984
2.526,2.5210600000000025
2.628,2.629149999999996
2.45,2.452369999999997
2.61,2.6081100000000044
2.343,2.340269999999998
2.557,2.5574499999999962
2.524,2.521030000000001
2.391,2.393339999999999
2.401,2.403910000000003
2.403,2.4065199999999978
2.511,2.511839999999998
2.437,2.4370700000000025
2.549,2.553510000000003
2.414,2.4157999999999964
2.387,2.388
2.474,2.481009999999998
2.446,2.441059999999999
2.58,2.5823200000000024
2.314,2.3112299999999966
2.505,2.5069199999999983
2.556,2.557550000000003
2.686,2.684000000000003
2.452,2.4509599999999985
2.532,2.534690000000003
2.32,2.321549999999997
2.584,2.5825100000000014
2.499,2.496739999999998
2.618,2.616279999999998
2.363,2.3624799999999992
2.552,2.5542299999999987
2.687,2.6836400000000036
2.542,2.5406700000000004
2.528,2.5290299999999983
2.501,2.5045500000000023
2.343,2.343379999999998
2.636,2.634379999999999
2.439,2.4404999999999974
2.55,2.5543200000000024
2.344,2.3437599999999974
2.382,2.377970000000003
2.644,2.647010000000002
2.465,2.4686900000000014
2.645,2.6404900000000024
2.492,2.490669999999998
2.316,2.3184900000000006
2.589,2.586429999999999
2.441,2.4418200000000017
2.57,2.5644199999999966
2.503,2.507809999999995
2.346,2.344800000000002
2.516,2.5114399999999986
2.72,2.7197100000000005
2.549,2.551270000000002
2.494,2.48953
2.608,2.606000000000002
2.521,2.5176299999999956
2.521,2.5179099999999965
2.391,2.3924599999999985
2.523,2.521579999999998
2.604,2.605670000000004
2.416,2.416669999999998
2.642,2.6391799999999983
2.491,2.4894000000000047
2.411,2.4125000000000005
2.6,2.603569999999998
2.471,2.472410000000003
2.576,2.5782799999999964
2.471,2.473720000000002
2.494,2.49543
2.549,2.5519900000000035
2.529,2.531139999999998
2.3,2.296890000000001
2.388,2.386770000000003
2.593,2.5905099999999988
2.487,2.4864999999999977
2.448,2.445190000000001
2.364,2.3640600000000025
2.392,2.390669999999999
2.298,2.2977600000000002
2.49,2.4866800000000024
2.44,2.4387399999999992
2.403,2.4005599999999983
2.493,2.498619999999997
2.536,2.53657
2.709,2.704540000000001
2.349,2.344039999999998
2.616,2.612190000000006
2.597,2.5957000000000017
2.422,2.427459999999999
2.52,2.5189100000000026
2.454,2.458450000000001
2.519,2.516790000000002
2.651,2.6536400000000033
2.561,2.559150000000004
2.551,2.5459799999999966
2.457,2.4575299999999975
2.352,2.3544000000000027
2.479,2.4814300000000036
2.621,2.6174400000000033
2.347,2.3482700000000025
2.394,2.3957800000000016
2.513,2.5117000000000025
2.402,2.3989499999999966
2.421,2.417419999999998
2.458,2.4580499999999996
2.363,2.36282
2.403,2.408619999999999
2.57,2.5707899999999966
2.369,2.3666500000000004
2.34,2.342040000000003
2.437,2.438800000000003
2.573,2.5761200000000026
2.48,2.4814199999999977
2.454,2.4493000000000023
2.504,2.5062199999999977
2.325,2.322039999999998
2.549,2.5464800000000034
2.538,2.5373100000000024
2.459,2.456710000000002
2.601,2.59821
2.387,2.3903699999999994
2.613,2.612399999999999
2.515,2.5133499999999964
2.466,2.4662700000000015
2.498,2.4985699999999986
2.489,2.4869000000000017
2.622,2.619200000000004
2.392,2.390429999999998
2.424,2.417850000000002
2.604,2.6068200000000035
2.44,2.4393399999999996
2.59,2.5878200000000016
2.67,2.6651899999999977
2.46,2.463500000000001
2.568,2.5646500000000025
2.385,2.3865199999999986
2.575,2.5805899999999973
2.52,2.518130000000002
2.547,2.545309999999998
2.435,2.4356900000000006
2.334,2.336480000000002
2.55,2.546460000000003
2.294,2.2940100000000028
2.468,2.4654099999999977
2.594,2.599239999999998
2.519,2.5193500000000024
2.695,2.693959999999996
2.603,2.6037300000000023
2.435,2.436090000000001
2.503,2.502309999999998
2.495,2.4933800000000033
2.342,2.341490000000003
2.406,2.4094600000000033
2.444,2.4436999999999984
2.296,2.297829999999999
2.505,2.5082599999999973
2.475,2.477519999999998
2.333,2.3306599999999986
2.54,2.5390399999999973
2.572,2.5690600000000012
2.523,2.519779999999999
2.468,2.4677199999999977
2.559,2.560659999999999
2.568,2.567240000000004
2.531,2.5345500000000025
2.418,2.415990000000002
2.528,2.531829999999998
2.62,2.6235000000000013
2.44,2.4414799999999985
2.71,2.7085700000000004
2.447,2.444750000000001
2.503,2.499959999999996
2.433,2.435399999999996
2.522,2.52219
2.326,2.3204599999999966
2.445,2.4428599999999965
2.391,2.389289999999999
2.514,2.5187100000000027
2.599,2.6020999999999974
2.565,2.56606
2.704,2.705320000000002
2.53,2.5308900000000008
2.422,2.421249999999999
2.516,2.5183799999999974
2.518,2.514380000000001
2.433,2.4345599999999967
2.52,2.5185200000000014
2.439,2.437489999999998
2.46,2.4618700000000007
2.431,2.427740000000004
2.357,2.3613000000000004
2.515,2.5140399999999947
2.559,2.556899999999998
2.551,2.547049999999996
2.582,2.582489999999997
2.532,2.530710000000002
2.447,2.445660000000001
2.584,2.584650000000002
2.364,2.3630000000000013
2.41,2.4050799999999994
2.404,2.4062399999999977
2.608,2.6101600000000023
2.594,2.594199999999997
2.549,2.5456700000000025
2.607,2.6072999999999995
2.412,2.4112600000000017
2.535,2.539959999999998
2.487,2.4886699999999977
2.585,2.583090000000002
2.488,2.49028
2.462,2.4603099999999976
2.554,2.5554900000000007
2.588,2.5847699999999962
2.433,2.433989999999997
2.494,2.4919499999999997
2.394,2.392820000000002
2.52,2.5213000000000023
2.561,2.560510000000002
2.526,2.5234400000000026
2.305,2.307870000000003
2.465,2.4607100000000015
2.278,2.276789999999998
2.637,2.63611
2.391,2.3933499999999985
2.626,2.627900000000001
2.595,2.5922799999999997
2.41,2.4067699999999985
2.387,2.390440000000001
2.535,2.5359199999999986
2.416,2.414459999999998
2.51,2.5123199999999977
2.452,2.456229999999999
2.322,2.3213400000000006
2.277,2.276049999999996
2.523,2.5241999999999982
2.444,2.4425399999999966
2.445,2.442909999999997
2.57,2.5722299999999967
2.617,2.611469999999999
2.473,2.4707300000000045
2.466,2.467320000000002
2.55,2.551060000000003
2.364,2.365990000000002
2.522,2.517869999999998
2.555,2.553780000000003
2.568,2.565340000000004
2.306,2.3096400000000026
2.424,2.4203200000000025
2.412,2.4136000000000033
2.51,2.5071699999999972
2.548,2.54434
2.65,2.644430000000002
2.451,2.4477899999999977
2.45,2.450059999999997
2.615,2.615430000000003
2.53,2.52996
2.627,2.6284000000000027
2.529,2.5244299999999975
2.384,2.389289999999997
2.367,2.367249999999997
2.345,2.3444999999999996
2.566,2.566340000000002
2.619,2.617100000000001
2.685,2.681130000000002
2.584,2.587340000000003
2.616,2.6149500000000048
2.442,2.440430000000004
2.384,2.385269999999996
2.585,2.584810000000002
2.542,2.53928
2.511,2.5131499999999987
2.539,2.5364599999999973
2.532,2.5352400000000026
2.628,2.6288099999999974
2.629,2.6317999999999984
2.554,2.55622
2.585,2.5880700000000023
2.551,2.5481099999999968
2.454,2.451200000000001
2.576,2.5784999999999965
2.361,2.3614899999999976
2.605,2.603369999999997
2.381,2.38047
2.529,2.523159999999998
2.415,2.413129999999998
2.555,2.5579100000000037
2.497,2.501700000000002
2.341,2.3426500000000012
2.542,2.5419400000000008
2.442,2.443590000000003
2.588,2.5858499999999975
2.5,2.502889999999999
2.54,2.5389999999999984
2.404,2.4002699999999977
2.441,2.4414000000000007
2.454,2.4578700000000016
2.586,2.5800500000000044
2.668,2.669540000000003
2.419,2.4191100000000025
2.608,2.6063500000000017
2.283,2.286319999999996
2.381,2.38454
2.404,2.4041699999999984
2.365,2.3662600000000027
2.342,2.343530000000003
2.541,2.5415699999999983
2.479,2.4775900000000046
2.538,2.5355900000000022
2.569,2.575699999999997
2.527,2.524179999999996
2.566,2.5699300000000016
2.493,2.4907799999999978
2.381,2.38482
2.606,2.6049099999999976
2.441,2.441820000000001
2.406,2.4086800000000026
2.482,2.4829499999999998
2.409,2.4124299999999987
2.458,2.4599699999999998
2.534,2.534609999999998
2.535,2.5375599999999983
2.41,2.408519999999998
2.451,2.4491699999999965
2.607,2.60582
2.55,2.552600000000002
2.708,2.7070800000000004
2.618,2.616769999999998
2.614,2.6145600000000018
2.361,2.361759999999998
2.576,2.5735099999999966
2.495,2.4905100000000013
2.445,2.4426299999999967
2.517,2.519979999999998
2.595,2.5979200000000007
2.55,2.551470000000004
2.412,2.4143500000000024
2.574,2.5712700000000037
2.436,2.436640000000003
2.522,2.5247699999999984
2.47,2.46922
2.478,2.4827200000000023
2.577,2.5794999999999986
2.396,2.3916999999999953
2.695,2.6963799999999964
2.318,2.319940000000003
2.44,2.4385199999999987
2.537,2.5374700000000026
2.558,2.5591899999999965
2.49,2.487370000000004
2.494,2.49184
2.541,2.543649999999998
2.477,2.4732700000000016
2.639,2.635530000000003
2.584,2.582130000000002
2.587,2.585769999999998
2.403,2.404669999999999
2.492,2.490349999999998
2.47,2.4704100000000007
2.399,2.4021300000000014
2.536,2.5350300000000003
2.446,2.446599999999999
2.566,2.5688100000000005
2.393,2.39558
2.672,2.6707799999999997
2.41,2.4105299999999983
2.522,2.5185099999999987
2.579,2.581330000000001
2.443,2.442740000000004
2.585,2.5846700000000027
2.377,2.3813800000000027
2.645,2.642370000000003
2.501,2.4977700000000027
2.44,2.442629999999998
2.47,2.4676299999999984
2.581,2.5758299999999976
2.442,2.442510000000002
2.425,2.421480000000004
2.478,2.4811700000000023
2.382,2.3849700000000023
2.682,2.681189999999997
2.443,2.442230000000003
2.583,2.58385
2.521,2.522649999999996
2.402,2.398919999999996
2.499,2.497729999999998
2.578,2.5784700000000016
2.481,2.480439999999998
2.619,2.614100000000002
2.602,2.6072800000000007
2.592,2.588890000000003
2.454,2.4513000000000016
2.392,2.3952899999999975
2.439,2.4360999999999975
2.52,2.5217400000000025
2.555,2.556490000000003
2.283,2.2910099999999978
2.499,2.4983199999999983
2.516,2.5144899999999986
2.472,2.4713000000000016
2.629,2.6279199999999974
2.542,2.540580000000001
2.631,2.6304199999999986
2.478,2.4725200000000016
2.594,2.5929999999999973
2.664,2.6614999999999958
2.631,2.6364300000000003
2.391,2.388559999999997
2.475,2.472629999999997
2.465,2.4662200000000016
2.549,2.5508400000000027
2.569,2.564259999999996
2.416,2.4175099999999987
2.507,2.5105900000000023
2.298,2.2980999999999994
2.644,2.6471700000000022
2.449,2.447260000000004
2.506,2.5059400000000007
2.469,2.4637999999999978
2.615,2.6125600000000024
2.498,2.4965099999999985
2.489,2.489310000000002
2.455,2.460710000000002
2.673,2.6759100000000005
2.411,2.412510000000001
2.577,2.5776999999999988
2.536,2.532230000000001
2.626,2.6276700000000015
2.433,2.433179999999996
2.427,2.4221299999999992
2.61,2.611870000000006
2.543,2.540920000000004
2.346,2.349400000000002
2.446,2.444269999999999
2.539,2.5386299999999964
2.584,2.5817400000000017
2.432,2.435399999999997
2.552,2.549389999999999
2.378,2.3770699999999967
2.298,2.2956500000000006
2.581,2.582759999999996
2.513,2.5099700000000023
2.477,2.4825300000000023
2.639,2.633000000000003
2.564,2.565849999999997
2.662,2.662000000000002
2.361,2.3652399999999982
2.497,2.5009400000000026
2.338,2.3362899999999978
2.477,2.4741200000000023
2.475,2.4710499999999986
2.563,2.562669999999996
2.505,2.5063999999999975
2.562,2.5651000000000037
2.57,2.566239999999997
2.715,2.7172200000000015
2.468,2.466369999999998
2.406,2.4079400000000017
2.525,2.521430000000002
2.42,2.421169999999997
2.648,2.645909999999999
2.472,2.475260000000003
2.443,2.4427700000000034
2.453,2.4556000000000013
2.572,2.56699
2.484,2.4865400000000015
2.436,2.4391500000000033
2.667,2.6690899999999997
2.414,2.411779999999996
2.504,2.504929999999998
2.565,2.568119999999999
2.337,2.3432899999999974
2.548,2.5530200000000005
2.394,2.3910200000000024
2.582,2.5836499999999973
2.404,2.406379999999997
2.569,2.565749999999997
2.611,2.609919999999998
2.586,2.5852500000000043
2.525,2.5278000000000023
2.477,2.478590000000001
2.442,2.444770000000003
2.647,2.6456699999999973
2.43,2.432420000000003
2.396,2.397739999999996
2.567,2.5674300000000034
2.42,2.418859999999998
2.405,2.400240000000001
2.356,2.356949999999998
2.452,2.4485899999999994
2.492,2.494379999999998
2.524,2.518400000000001
2.595,2.5887099999999994
2.553,2.553939999999999
2.481,2.482509999999998
2.48,2.4842799999999987
2.551,2.552579999999997
2.627,2.6294500000000016
2.513,2.513850000000001
2.453,2.449180000000001
2.401,2.399480000000002
2.355,2.3530999999999977
2.567,2.5660600000000033
2.558,2.555779999999997
2.558,2.557989999999996
2.487,2.486669999999998
2.641,2.6375199999999976
2.452,2.456269999999999
2.596,2.5934900000000014
2.496,2.4943400000000016
2.439,2.4391499999999966
2.559,2.556719999999999
2.541,2.541969999999999
2.536,2.5359100000000008
2.508,2.508140000000001
2.496,2.492590000000002
2.618,2.6157599999999985
2.572,2.5739300000000016
2.511,2.5109299999999983
2.601,2.6041200000000004
2.552,2.552919999999999
2.503,2.5035499999999984
2.47,2.4670099999999993
2.492,2.4885899999999976
2.521,2.5195299999999947
2.451,2.452719999999996
2.659,2.6578699999999986
2.502,2.4981900000000024
2.381,2.3854900000000003
2.495,2.499810000000002
2.395,2.391970000000003
2.547,2.5443999999999987
2.529,2.5318299999999976
2.596,2.598840000000002
2.421,2.421489999999998
2.503,2.506359999999997
2.363,2.3632500000000003
2.57,2.567039999999997
2.552,2.5516999999999985
2.55,2.5462800000000034
2.5,2.4985699999999995
2.541,2.540489999999998
2.66,2.6588499999999975
2.471,2.4676300000000024
2.514,2.5107800000000027
2.391,2.3905999999999983
2.413,2.4142600000000014
2.51,2.5101599999999977
2.61,2.6088400000000047
2.474,2.4699399999999976
2.476,2.482330000000001
2.459,2.4612200000000017
2.447,2.4476400000000016
2.529,2.5231899999999974
2.35,2.346369999999999
2.628,2.629129999999998
2.433,2.428219999999998
2.572,2.569650000000001
2.373,2.371549999999998
2.567,2.5683200000000035
2.567,2.562140000000003
2.538,2.538150000000003
2.401,2.403490000000002
2.525,2.5194100000000024
2.382,2.3886600000000024
2.475,2.4713999999999974
2.603,2.6061700000000014
2.58,2.582830000000003
2.502,2.506210000000002
2.403,2.408029999999998
2.565,2.5600300000000002
2.502,2.5030700000000023
2.268,2.27065
2.578,2.582310000000001
2.498,2.494489999999997
2.62,2.618310000000002
2.39,2.3926599999999953
2.528,2.5349499999999976
2.529,2.5249999999999964
2.331,2.3387899999999973
2.402,2.4039099999999958
2.469,2.466899999999998
2.573,2.5769200000000017
2.435,2.4364500000000007
2.291,2.2920899999999986
2.483,2.4841800000000016
2.473,2.4784600000000037
2.46,2.4618300000000017
2.489,2.490330000000002
2.526,2.5276900000000015
2.485,2.485320000000004
2.374,2.3698099999999975
2.549,2.5536300000000027
2.305,2.3013700000000012
2.295,2.296389999999997
2.574,2.5773100000000033
2.551,2.5466099999999963
2.494,2.4912399999999995
2.36,2.3625100000000034
2.429,2.4270300000000025
2.474,2.4697899999999975
2.34,2.342320000000002
2.426,2.421719999999998
2.565,2.5614699999999995
2.643,2.6438399999999995
2.458,2.46066
2.576,2.575139999999996
2.309,2.3058199999999984
2.566,2.5630600000000014
2.42,2.418889999999996
2.531,2.532190000000002
2.475,2.478289999999997
2.632,2.6312600000000015
2.413,2.415050000000002
2.563,2.562369999999996
2.472,2.475880000000001
2.484,2.485210000000003
2.482,2.482939999999999
2.415,2.415009999999998
2.499,2.501599999999999
2.494,2.4906200000000003
2.524,2.5291
2.508,2.508270000000002
2.58,2.581530000000002
2.592,2.5915100000000035
2.395,2.3940500000000036
2.587,2.5840599999999982
2.381,2.3827700000000003
2.559,2.5604799999999996
2.562,2.5607700000000038
2.309,2.3143199999999986
2.509,2.5104899999999954
2.453,2.45311
2.424,2.421060000000003
2.635,2.6348699999999985
2.435,2.4346500000000013
2.419,2.4181900000000023
2.508,2.5099700000000023
2.569,2.5670899999999968
2.486,2.485169999999999
2.617,2.6166699999999974
2.553,2.551219999999998
2.282,2.2849700000000017
2.447,2.4444000000000017
2.444,2.4407899999999967
2.548,2.552380000000001
2.553,2.5563299999999987
2.515,2.511799999999996
2.618,2.6174299999999984
2.587,2.5852299999999975
2.595,2.5904399999999996
2.513,2.5143700000000027
2.486,2.4855799999999983
2.452,2.4530899999999987
2.417,2.4142100000000006
2.431,2.4344300000000025
2.365,2.3656600000000014
2.492,2.491899999999998
2.332,2.3302999999999967
2.519,2.5177000000000023
2.496,2.500450000000001
2.515,2.5130099999999955
2.448,2.450290000000001
2.636,2.6346099999999986
2.376,2.376750000000001
2.523,2.522459999999998
2.439,2.4381599999999977
2.399,2.398860000000001
2.366,2.364880000000003
2.543,2.5439900000000026
2.432,2.428829999999997
2.597,2.5988400000000023
2.599,2.600549999999999
2.637,2.63558
2.415,2.4164199999999987
2.548,2.543130000000001
2.563,2.5634199999999963
2.453,2.4554300000000016
2.423,2.4247499999999995
2.661,2.6591800000000005
2.523,2.5268099999999984
2.564,2.5636399999999977
2.418,2.4174900000000026
2.378,2.3744899999999984
2.443,2.441930000000003
2.488,2.4889799999999993
2.394,2.3949200000000026
2.499,2.494459999999998
2.331,2.335899999999998
2.388,2.3888800000000026
2.567,2.5653300000000034
2.56,2.5582900000000013
2.461,2.4578700000000033
2.398,2.3957199999999985
2.397,2.3959499999999987
2.463,2.4650399999999975
2.564,2.5606699999999982
2.593,2.589899999999998
2.45,2.447409999999998
2.385,2.3855399999999976
2.527,2.5296799999999955
2.418,2.4211300000000033
2.448,2.446050000000001
2.633,2.634090000000001
2.583,2.5835399999999993
2.516,2.5111699999999986
2.373,2.3722499999999975
2.521,2.5156299999999963
2.606,2.609229999999998
2.462,2.4620999999999977
2.635,2.635399999999998
2.629,2.6335699999999984
2.666,2.669049999999998
2.531,2.528860000000004
2.559,2.5578699999999985
2.641,2.6381699999999983
2.545,2.548119999999997
2.45,2.452439999999996
2.455,2.4592200000000033
2.524,2.527590000000001
2.371,2.3703500000000024
2.486,2.4878599999999964
2.61,2.6080900000000042
2.281,2.279920000000003
2.653,2.6540499999999985
2.612,2.6112199999999977
2.454,2.4556000000000027
2.554,2.5585800000000023
2.5,2.4972199999999996
2.623,2.625349999999998
2.598,2.595980000000004
2.36,2.3629700000000042
2.559,2.5591199999999983
2.479,2.484230000000004
2.508,2.511320000000003
2.427,2.4288499999999993
2.675,2.6766500000000018
2.604,2.607170000000004
2.426,2.4316499999999963
2.367,2.366379999999999
2.461,2.459520000000003
2.543,2.540180000000003
2.524,2.527520000000001
2.625,2.6244400000000003
2.579,2.5803300000000013
2.597,2.5931800000000016
2.533,2.5342999999999956
2.361,2.3619099999999977
2.48,2.4817599999999977
2.606,2.6071599999999977
2.495,2.489620000000003
2.55,2.5469500000000016
2.468,2.4663799999999982
2.397,2.3946799999999984
2.488,2.4897000000000005
2.531,2.527460000000003
2.434,2.437599999999999
2.476,2.4725700000000006
2.406,2.409200000000003
2.612,2.6135099999999984
2.471,2.4654700000000016
2.645,2.6410200000000015
2.653,2.6496899999999988
2.492,2.493929999999997
2.399,2.3961900000000003
2.291,2.2935299999999987
2.353,2.3497600000000016
2.363,2.3622400000000003
2.638,2.6357400000000006
2.512,2.5097599999999995
2.539,2.5364899999999975
2.278,2.2779299999999996
2.38,2.380409999999998
2.589,2.587189999999999
2.529,2.529699999999998
2.485,2.4855800000000046
2.556,2.556220000000004
2.664,2.661799999999997
2.478,2.4790500000000018
2.507,2.5114100000000024
2.519,2.5144300000000026
2.29,2.292499999999998
2.568,2.565850000000003
2.489,2.488170000000002
2.557,2.5608699999999964
2.434,2.4350599999999996
2.495,2.4908800000000015
2.571,2.5681999999999983
2.581,2.5828399999999965
2.415,2.413139999999998
2.458,2.462699999999999
2.455,2.458110000000003
2.32,2.3217099999999973
2.467,2.4664700000000037
2.573,2.5699400000000026
2.373,2.3685099999999992
2.605,2.603019999999997
2.549,2.5494300000000023
2.427,2.4266099999999984
2.486,2.486739999999998
2.66,2.660769999999999
2.573,2.573400000000002
2.501,2.505280000000002
2.476,2.4724699999999995
2.508,2.5047900000000025
2.449,2.444610000000002
2.29,2.290029999999999
2.704,2.7034600000000024
2.516,2.513189999999997
2.54,2.5391899999999983
2.494,2.4914100000000006
2.426,2.428569999999997
2.481,2.482889999999999
2.34,2.3417500000000024
2.728,2.728500000000002
2.377,2.376430000000002
2.397,2.3949199999999973
2.456,2.458179999999998
2.629,2.6295699999999975
2.501,2.4964000000000026
2.376,2.3814000000000024
2.625,2.628569999999999
2.573,2.5698100000000017
2.554,2.5539400000000017
2.572,2.5747200000000015
2.719,2.7146299999999974
2.431,2.4363200000000034
2.662,2.6581400000000017
2.538,2.5362700000000022
2.55,2.553680000000003
2.331,2.333399999999998
2.483,2.4872600000000014
2.419,2.418660000000002
2.583,2.5815499999999987
2.607,2.60738
2.293,2.2969600000000017
2.498,2.5026899999999976
2.612,2.6094299999999993
2.481,2.479279999999998
2.573,2.5756200000000007
2.535,2.5380299999999996
2.534,2.5345699999999978
2.473,2.477550000000003
2.378,2.3805399999999985
2.388,2.391140000000002
2.571,2.5666399999999983
2.502,2.5031400000000006
2.486,2.486479999999996
2.458,2.4602999999999993
2.469,2.4674899999999984
2.605,2.600849999999998
2.466,2.467130000000002
2.366,2.3667900000000044
2.574,2.5763800000000026
2.48,2.479159999999997
2.503,2.4997099999999985
2.661,2.657590000000001
2.498,2.495159999999997
2.529,2.5250299999999974
2.382,2.3866500000000026
2.478,2.474680000000002
2.561,2.5593200000000023
2.344,2.3454199999999963
2.52,2.5176600000000025
2.51,2.508279999999998
2.504,2.4999599999999984
2.604,2.6065500000000044
2.533,2.5335099999999957
2.648,2.6438099999999993
2.401,2.3977900000000023
2.514,2.5135400000000017
2.508,2.5067300000000037
2.393,2.3970600000000006
2.596,2.6002800000000024
2.732,2.728550000000001
2.498,2.4999299999999978
2.551,2.547399999999997
2.508,2.508290000000003
2.429,2.4312500000000004
2.318,2.3194200000000027
2.429,2.4322500000000007
2.361,2.3617199999999987
2.67,2.6654599999999964
2.488,2.48648
2.465,2.464660000000002
2.589,2.5891999999999995
2.388,2.3874200000000023
2.423,2.422220000000001
2.507,2.5080300000000024
2.603,2.600810000000002
2.55,2.553290000000003
2.525,2.5245700000000024
2.508,2.510630000000002
2.54,2.541089999999998
2.52,2.5152400000000035
2.397,2.3947499999999984
2.505,2.504889999999998
2.393,2.394100000000001
2.508,2.509470000000003
2.452,2.4478299999999993
2.496,2.494830000000003
2.36,2.3615200000000045
2.487,2.486559999999999
2.552,2.548269999999999
2.667,2.661630000000001
2.441,2.4365500000000013
2.342,2.3390800000000023
2.582,2.5816199999999965
2.362,2.363309999999999
2.456,2.459779999999998
2.474,2.4772099999999977
2.493,2.4918699999999974
2.569,2.570969999999997
2.432,2.428619999999998
2.473,2.4707400000000046
2.499,2.4978099999999994
2.515,2.514919999999997
2.51,2.514759999999997
2.544,2.5412800000000026
2.584,2.5828500000000014
2.539,2.535989999999997
2.545,2.5426799999999963
2.342,2.3428200000000037
2.505,2.501899999999998
2.548,2.544630000000001
2.573,2.568020000000002
2.431,2.4345800000000035
2.434,2.4368799999999986
2.443,2.439080000000003
2.554,2.5534100000000013
2.603,2.5999500000000024
2.459,2.4582600000000023
2.591,2.5886400000000007
2.512,2.50975
2.488,2.4893899999999993
2.479,2.4847300000000043
2.575,2.5713299999999957
2.533,2.5354299999999954
2.728,2.728870000000002
2.415,2.412909999999997
2.552,2.5546
2.447,2.4432700000000014
2.413,2.410610000000003
2.499,2.496249999999998
2.514,2.512340000000003
2.482,2.4816299999999996
2.387,2.38849
2.527,2.522549999999996
2.293,2.2945800000000025
2.491,2.495450000000003
2.502,2.506270000000002
2.579,2.5781500000000017
2.597,2.6012300000000024
2.45,2.4537999999999975
2.485,2.4903600000000043
2.423,2.4207900000000016
2.387,2.3887800000000006
2.531,2.5319100000000025
2.373,2.3705799999999986
2.459,2.4595500000000015
2.4,2.3974900000000017
2.555,2.5552600000000036
2.68,2.6821300000000035
2.37,2.3696100000000015
2.315,2.3153099999999975
2.488,2.48956
2.502,2.499060000000003
2.522,2.519699999999997
2.455,2.458550000000003
2.48,2.4816499999999966
2.537,2.5359000000000025
2.604,2.6030200000000048
2.304,2.3027600000000015
2.463,2.4670999999999967
2.521,2.518359999999996
2.408,2.404999999999997
2.673,2.6678400000000004
2.436,2.436480000000003
2.496,2.4951000000000034
2.556,2.556250000000002
2.441,2.44206
2.315,2.314579999999999
2.457,2.458859999999998
2.603,2.601690000000001
2.466,2.466280000000002
2.415,2.4147499999999984
2.593,2.592199999999998
2.467,2.4677400000000054
2.449,2.452010000000003
2.515,2.5110499999999947
2.577,2.5767499999999997
2.583,2.5869099999999996
2.616,2.6148500000000046
2.449,2.445840000000003
2.397,2.403349999999998
2.506,2.5078199999999997
2.511,2.5119199999999977
2.392,2.3924599999999976
2.482,2.4803300000000013
2.54,2.538579999999998
2.536,2.5384000000000007
2.55,2.554030000000003
2.529,2.5332999999999983
2.449,2.444820000000004
2.449,2.4538600000000024
2.38,2.375549999999998
2.678,2.6802699999999993
2.501,2.499640000000002
2.478,2.471810000000002
2.407,2.407690000000002
2.393,2.3930100000000003
2.457,2.460559999999998
2.542,2.543140000000001
2.56,2.5621100000000006
2.596,2.5980900000000027
2.681,2.6817900000000026
2.551,2.551939999999997
2.394,2.3928600000000024
2.474,2.4757299999999978
2.531,2.531050000000002
2.707,2.7051599999999967
2.36,2.3615400000000037
2.62,2.6159100000000013
2.518,2.5134699999999994
2.584,2.5854400000000015
2.49,2.485520000000002
2.416,2.4174199999999986
2.575,2.5787599999999964
2.565,2.5687099999999985
2.597,2.5912900000000003
2.499,2.493899999999998
2.44,2.4394099999999983
2.344,2.3447099999999965
2.582,2.582309999999998
2.542,2.5383400000000007
2.403,2.3987199999999986
2.446,2.4483999999999986
2.453,2.4566600000000016
2.352,2.355030000000002
2.418,2.418220000000004
2.387,2.3896099999999993
2.459,2.4586100000000015
2.426,2.4285299999999967
2.337,2.340689999999997
2.702,2.705739999999998
2.625,2.6254299999999997
2.422,2.422029999999998
2.527,2.5296899999999956
2.542,2.53823
2.619,2.62144
2.418,2.418150000000003
2.609,2.608830000000002
2.445,2.448769999999996
2.366,2.3640500000000046
2.572,2.576370000000001
2.629,2.6293999999999977
2.38,2.381319999999998
2.57,2.5655899999999967
2.459,2.455350000000001
2.578,2.5814099999999995
2.353,2.357150000000002
2.374,2.3790599999999977
2.422,2.420609999999998
2.508,2.506270000000002
2.436,2.4366200000000022
2.566,2.565050000000001
2.603,2.6057200000000025
2.56,2.558290000000001
2.662,2.665510000000003
2.542,2.540650000000001
2.378,2.381979999999997
2.636,2.6340999999999983
2.439,2.436969999999997
2.591,2.5885000000000016
2.657,2.655760000000002
2.546,2.5485399999999983
2.35,2.347589999999998
2.408,2.4105399999999957
2.632,2.6328500000000012
2.483,2.483710000000001
2.508,2.5053000000000027
2.576,2.578769999999998
2.57,2.5691099999999967
2.528,2.528409999999998
2.479,2.4817000000000045
2.469,2.4653699999999974
2.586,2.586020000000005
2.555,2.556080000000004
2.474,2.4722799999999974
2.608,2.6088700000000014
2.487,2.4899199999999992
2.415,2.413509999999998
2.424,2.427910000000004
2.402,2.4001199999999967
2.473,2.470640000000004
2.623,2.625199999999998
2.419,2.4212900000000026
2.519,2.516970000000002
2.434,2.4339799999999987
2.474,2.478929999999998
2.349,2.349989999999999
2.478,2.4818100000000025
2.481,2.478199999999998
2.554,2.5562300000000007
2.522,2.5260699999999976
2.38,2.376959999999998
2.608,2.6086800000000023
2.521,2.5152499999999964
2.52,2.517730000000003
2.499,2.5020899999999973
2.448,2.4460300000000017
2.522,2.5201599999999975
2.548,2.552480000000001
2.325,2.3243199999999975
2.446,2.450059999999999
2.475,2.478809999999997
2.526,2.522490000000003
2.619,2.6144100000000003
2.423,2.4271600000000015
2.45,2.446079999999998
2.449,2.4479100000000034
2.42,2.424169999999997
2.465,2.4691300000000016
2.577,2.5814199999999996
2.395,2.394810000000003
2.543,2.5413900000000034
2.33,2.329230000000003
2.444,2.4435799999999968
2.467,2.4660000000000037
2.667,2.6630699999999994
2.473,2.478250000000004
2.28,2.2789500000000005
2.3,2.2999800000000024
2.503,2.5060199999999964
2.561,2.562820000000004
2.538,2.5396800000000037
2.517,2.5163299999999986
2.616,2.619900000000004
2.446,2.446529999999999
2.589,2.588449999999999
2.337,2.3403199999999975
2.41,2.4135599999999995
2.319,2.3205499999999977
2.473,2.472640000000004
2.495,2.4909300000000014
2.511,2.5125499999999983
2.506,2.5080000000000005
2.407,2.403850000000003
2.481,2.4810099999999977
2.35,2.347719999999999
2.636,2.636159999999998
2.47,2.469179999999999
2.451,2.448489999999997
2.659,2.6628099999999986
2.376,2.3727500000000026
2.387,2.3879
2.39,2.391789999999996
2.493,2.495599999999998
2.543,2.5474600000000023
2.574,2.571020000000004
2.275,2.2737000000000025
2.561,2.5592200000000016
2.444,2.443609999999997
2.441,2.4395900000000013
2.438,2.4378899999999972
2.409,2.410289999999999
2.668,2.6669300000000025
2.584,2.5847700000000007
2.502,2.5032400000000017
2.635,2.630929999999998
2.349,2.3497899999999983
2.367,2.3642799999999995
2.282,2.288140000000003
2.43,2.428340000000004
2.516,2.5157099999999972
2.51,2.5061099999999983
2.515,2.5147299999999944
2.359,2.3601600000000027
2.58,2.581730000000002
2.524,2.5210800000000004
2.573,2.5685000000000024
2.311,2.312480000000002
2.531,2.5332500000000024
2.381,2.3764700000000003
2.46,2.461410000000001
2.553,2.54786
2.509,2.5091499999999947
2.415,2.4186599999999974
2.501,2.5050100000000013
2.347,2.345650000000001
2.615,2.6106600000000024
2.479,2.4822800000000047
2.612,2.6070999999999986
2.447,2.4466500000000018
2.448,2.4478400000000016
2.424,2.422160000000003
2.588,2.587439999999998
2.429,2.4263000000000012
2.564,2.5686499999999954
2.462,2.4626099999999975
2.302,2.29955
2.443,2.4445600000000027
2.382,2.386160000000001
2.503,2.5039199999999973
2.381,2.38284
2.593,2.5968799999999965
2.491,2.491310000000004
2.482,2.48438
2.566,2.5640200000000006
2.596,2.5913800000000013
2.498,2.5018799999999977
2.423,2.4215400000000007
2.323,2.320570000000002
2.431,2.433190000000002
2.438,2.4399999999999964
2.511,2.5094299999999983
2.465,2.4665500000000025
2.569,2.5672799999999962
2.439,2.4416799999999976
2.494,2.495470000000001
2.618,2.617549999999998
2.534,2.5360099999999974
2.494,2.49166
2.44,2.439789999999998
2.437,2.4396700000000022
2.415,2.4159499999999987
2.446,2.44414
2.576,2.5713299999999975
2.478,2.4746500000000027
2.365,2.365510000000002
2.677,2.6769899999999978
2.532,2.532400000000004
2.359,2.360160000000002
2.456,2.4522999999999966
2.511,2.5075299999999987
2.67,2.6675799999999956
2.389,2.391700000000003
2.598,2.5991700000000035
2.64,2.6386899999999955
2.437,2.4403500000000022
2.472,2.469010000000001
2.396,2.397269999999996
2.48,2.4765999999999972
2.496,2.5010600000000034
2.566,2.560510000000001
2.609,2.6094800000000022
2.425,2.428700000000001
2.303,2.3023499999999997
2.498,2.502089999999997
2.529,2.5285799999999976
2.525,2.5288100000000022
2.467,2.4666800000000038
2.512,2.514450000000001
2.652,2.6537099999999962
2.538,2.5359500000000024
2.463,2.4665499999999976
2.45,2.4466399999999964
2.483,2.4842500000000025
2.664,2.6625699999999966
2.482,2.48215
2.498,2.500359999999998
2.452,2.4539099999999996
2.61,2.611590000000003
2.696,2.6982300000000006
2.545,2.542709999999998
2.508,2.5110100000000006
2.504,2.5052399999999966
2.575,2.5731899999999963
2.513,2.509770000000001
2.543,2.541180000000003
2.429,2.431570000000002
2.462,2.4639099999999967
2.459,2.458850000000001
2.602,2.603050000000002
2.462,2.4627699999999972
2.708,2.7025199999999994
2.543,2.542060000000003
2.372,2.3688400000000036
2.487,2.484709999999998
2.435,2.4381500000000007
2.281,2.2795900000000024
2.66,2.6598599999999974
2.57,2.5723599999999966
2.553,2.554289999999999
2.517,2.5190599999999974
2.362,2.367329999999998
2.452,2.4556699999999987
2.584,2.583680000000001
2.395,2.3923900000000025
2.477,2.475510000000002
2.486,2.4861999999999997
2.514,2.5133000000000023
2.573,2.5739900000000016
2.564,2.5626399999999974
2.526,2.5294300000000027
2.62,2.621150000000002
2.348,2.3437400000000026
2.55,2.553220000000002
2.563,2.5596999999999976
2.376,2.370630000000001
2.35,2.3483299999999967
2.425,2.428370000000003
2.434,2.437319999999999
2.575,2.5792299999999977
2.439,2.4400299999999975
2.414,2.4129399999999963
2.439,2.4369399999999968
2.612,2.610909999999998
2.501,2.5006300000000015
2.482,2.48385
2.489,2.487210000000001
2.629,2.6253899999999977
2.425,2.4288200000000026
2.632,2.632670000000002
2.521,2.517099999999996
2.484,2.484280000000001
2.394,2.3948200000000024
2.465,2.4663800000000013
2.377,2.3800200000000014
2.595,2.5970600000000004
2.669,2.6645100000000035
2.667,2.6703500000000004
2.622,2.624430000000004
2.48,2.4811799999999975
2.463,2.4665699999999986
2.333,2.3283399999999994
2.704,2.705260000000001
2.547,2.551229999999998
2.451,2.453739999999997
2.633,2.6362700000000014
2.403,2.4083999999999994
2.541,2.540469999999998
2.483,2.483750000000001
2.564,2.5589999999999975
2.494,2.49124
2.355,2.3575699999999964
2.508,2.5109900000000023
2.605,2.6050099999999974
2.497,2.4966400000000037
2.578,2.5788400000000022
2.395,2.3930200000000026
2.497,2.4998500000000017
2.438,2.437059999999997
2.575,2.5761699999999967
2.503,2.5068399999999973
2.569,2.5668199999999968
2.609,2.610740000000003
2.569,2.5703999999999962
2.527,2.5216799999999964
2.4,2.402980000000003
2.5,2.497990000000001
2.447,2.4514100000000014
2.466,2.465100000000002
2.463,2.467519999999998
2.402,2.4049699999999956
2.304,2.3013000000000017
2.433,2.428489999999997
2.519,2.5215700000000023
2.365,2.365460000000003
2.502,2.504920000000002
2.69,2.691959999999999
2.602,2.6006000000000022
2.664,2.6606099999999975
2.539,2.539129999999995
2.617,2.6125199999999977
2.428,2.4281499999999996
2.436,2.437040000000004
2.619,2.61343
2.654,2.6578899999999974
2.445,2.4422499999999965
2.475,2.4737199999999975
2.425,2.4198800000000027
2.538,2.5386200000000025
2.612,2.6114999999999964
2.326,2.324779999999997
2.541,2.5426199999999977
2.472,2.468510000000002
2.511,2.5086099999999987
2.546,2.5441499999999975
2.481,2.4822699999999984
2.49,2.490290000000002
2.479,2.475400000000003
2.597,2.5929300000000017
2.542,2.539490000000001
2.522,2.5207999999999977
2.373,2.371929999999997
2.462,2.462039999999997
2.59,2.5957800000000004
2.504,2.5073999999999974
2.566,2.562210000000001
2.677,2.677019999999999
2.604,2.6071500000000047
2.509,2.5087299999999955
2.449,2.4549300000000027
2.483,2.4850700000000017
2.467,2.4632600000000044
2.539,2.540929999999997
2.485,2.4844200000000045
2.468,2.4690199999999978
2.322,2.3191200000000016
2.406,2.409060000000002
2.548,2.5439900000000004
2.672,2.6743699999999997
2.49,2.489340000000002
2.533,2.534549999999997
2.595,2.5995699999999995
2.419,2.417470000000003
2.537,2.5374700000000026
2.426,2.4291499999999964
2.586,2.5837400000000024
2.515,2.5151799999999955
2.53,2.5278
2.422,2.4257399999999993
2.571,2.568739999999998
2.708,2.71178
2.399,2.3958000000000004
2.466,2.469120000000002
2.523,2.5211999999999977
2.579,2.5823100000000014
2.444,2.4429499999999966
2.636,2.6369899999999986
2.576,2.5805999999999965
2.326,2.3303699999999963
2.439,2.442349999999996
2.657,2.6533800000000025
2.645,2.644060000000002
2.594,2.589549999999997
2.482,2.4777
2.508,2.513200000000001
2.487,2.489039999999998
2.613,2.6163
2.412,2.412650000000003
2.419,2.4181700000000017
2.601,2.6055099999999998
2.496,2.4986400000000013
2.638,2.633990000000003
2.433,2.4342299999999963
2.495,2.492520000000002
2.408,2.4116299999999957
2.501,2.5033400000000015
2.352,2.3484000000000016
2.451,2.454059999999997
2.356,2.359709999999997
2.569,2.5717599999999963
2.572,2.5668100000000016
2.327,2.325859999999999
2.633,2.6307500000000026
2.505,2.5064799999999985
2.436,2.439630000000002
2.368,2.370749999999997
2.502,2.5054900000000027
2.518,2.51704
2.635,2.6360599999999965
2.536,2.538570000000001
2.45,2.4456099999999967
2.405,2.4006899999999995
2.466,2.4631900000000018
2.399,2.40126
2.505,2.507819999999999
2.444,2.439979999999997
2.351,2.3472199999999996
2.626,2.628830000000002
2.45,2.4454799999999968
2.373,2.3699799999999973
2.483,2.487560000000002
2.507,2.5101800000000014
2.325,2.323949999999998
2.533,2.5287199999999954
2.395,2.393800000000002
2.671,2.672309999999998
2.552,2.5553399999999984
2.46,2.455160000000001
2.425,2.4206300000000027
2.49,2.4911000000000016
2.561,2.557390000000004
2.497,2.494210000000002
2.478,2.480150000000003
2.506,2.5058100000000003
2.44,2.4464399999999995
2.466,2.464930000000002
2.291,2.2886399999999973
2.597,2.603020000000001
2.53,2.5343300000000015
2.423,2.4237800000000007
2.69,2.6914799999999985
2.509,2.5110399999999955
2.396,2.3978099999999953
2.586,2.5833600000000017
2.54,2.5386499999999983
2.539,2.5346999999999973
2.457,2.4533299999999967
2.545,2.547549999999996
2.474,2.479279999999997
2.556,2.559510000000004
2.31,2.3142300000000007
2.457,2.456479999999998
2.672,2.6729999999999983
2.423,2.4239000000000006
2.44,2.4408999999999987
2.455,2.4583700000000026
2.379,2.3830899999999966
2.279,2.2781199999999977
2.477,2.473810000000002
2.514,2.511700000000002
2.495,2.4950100000000015
2.486,2.483929999999998
2.504,2.501239999999998
2.602,2.603660000000001
2.481,2.4790399999999972
2.443,2.4387300000000023
2.472,2.4696500000000015
2.558,2.560889999999996
2.641,2.636659999999998
2.437,2.432570000000003
2.51,2.5115099999999972
2.534,2.538229999999998
2.401,2.4063700000000012
2.502,2.507260000000002
2.353,2.3580900000000025
2.323,2.322080000000001
2.537,2.5376500000000033
2.462,2.4633699999999976
2.52,2.517200000000003
2.498,2.4946999999999973
2.402,2.3960499999999962
2.495,2.494360000000002
2.377,2.370190000000002
2.639,2.6355100000000027
2.364,2.360970000000001
2.48,2.484019999999998
2.396,2.393289999999997
2.557,2.5562799999999957
2.467,2.4633100000000048
2.448,2.4544300000000008
2.585,2.5856600000000016
2.503,2.505289999999997
2.552,2.555289999999998
2.402,2.4050399999999956
2.36,2.3564700000000034
2.511,2.510309999999999
2.468,2.467619999999997
2.563,2.5609399999999964
2.492,2.490049999999997
2.521,2.524529999999995
2.338,2.340259999999997
2.689,2.693019999999998
2.484,2.4884700000000026
2.57,2.5671999999999975
2.416,2.418489999999999
2.531,2.533320000000003
2.37,2.3665300000000022
2.545,2.543229999999996
2.464,2.4640999999999997
2.503,2.500489999999998
2.57,2.5660899999999964
2.377,2.3730500000000023
2.432,2.4335999999999958
2.546,2.550569999999999
2.71,2.7099100000000003
2.486,2.488849999999998
2.559,2.5601999999999983
2.489,2.4889200000000016
2.694,2.6894899999999984
2.325,2.322389999999998
2.509,2.5107299999999957
2.337,2.3337699999999986
2.53,2.5322400000000003
2.514,2.512660000000003
2.472,2.4702400000000018
2.489,2.487700000000002
2.474,2.4688899999999983
2.551,2.5551099999999964
2.435,2.431760000000001
2.53,2.53114
2.476,2.4792499999999995
2.459,2.4573500000000017
2.682,2.680289999999999
2.618,2.622249999999998
2.514,2.5142800000000003
2.27,2.2729200000000023
2.464,2.46653
2.477,2.4760200000000023
2.61,2.6101600000000054
2.644,2.6384400000000023
2.522,2.524759999999999
2.416,2.4184199999999993
2.568,2.568990000000003
2.419,2.4210900000000017
2.518,2.5194600000000005
2.375,2.376209999999999
2.473,2.4692300000000045
2.503,2.500849999999997
2.527,2.525599999999996
2.389,2.391240000000002
2.62,2.623010000000002
2.44,2.439979999999999
2.333,2.335899999999998
2.489,2.489845000000002
2.503,2.5011899999999962
2.516,2.5141599999999977
2.636,2.6376799999999987
2.476,2.4730099999999995
2.488,2.4867700000000013
2.39,2.388629999999996
2.582,2.581159999999997
2.518,2.5158600000000013
2.458,2.4619900000000006
2.31,2.3146800000000014
2.644,2.6460900000000014
2.377,2.3733600000000026
2.441,2.4433300000000013
2.536,2.537250000000001
2.38,2.380199999999998
2.351,2.348129999999999
2.288,2.2936800000000033
2.572,2.5715500000000007
2.445,2.4443699999999966
2.401,2.400070000000002
2.408,2.409849999999997
2.443,2.440010000000003
2.524,2.5264400000000005
2.453,2.4503400000000015
2.561,2.5613700000000033
2.402,2.400309999999996
2.362,2.3664399999999977
2.32,2.319499999999997
2.278,2.277219999999998
2.448,2.4457800000000005
2.47,2.4667799999999986
2.437,2.436130000000003
2.624,2.6245999999999983
2.623,2.6188999999999982
2.467,2.4636000000000022
2.321,2.325619999999999
2.443,2.443060000000003
2.44,2.4399899999999985
2.434,2.436359999999998
2.43,2.425780000000002
2.435,2.4358900000000006
2.461,2.463270000000003
2.436,2.437160000000003
2.521,2.5186199999999954
2.536,2.5366100000000005
2.409,2.4085599999999987
2.627,2.624430000000002
2.402,2.404819999999996
2.338,2.3424499999999973
2.538,2.539070000000003
2.418,2.414860000000002
2.532,2.5265900000000032
2.639,2.6378200000000027
2.567,2.5643100000000025
2.35,2.3498399999999986
2.352,2.348580000000001
2.667,2.6697199999999994
2.426,2.4226899999999962
2.417,2.4148300000000007
2.273,2.2741899999999986
2.465,2.461700000000002
2.477,2.4735600000000018
2.572,2.5745400000000016
2.36,2.3608000000000042
2.348,2.3452700000000033
2.545,2.5424099999999963
2.601,2.596149999999999
2.343,2.3422499999999977
2.608,2.604340000000001
2.504,2.5051399999999977
2.609,2.6059600000000023
2.493,2.4932399999999983
2.485,2.4810000000000043
2.606,2.606669999999998
2.411,2.4149100000000003
2.461,2.4597600000000033
2.482,2.4827900000000005
2.667,2.66281
2.41,2.411959999999998
2.551,2.548189999999997
2.491,2.4913800000000044
2.626,2.625730000000001
2.541,2.543339999999999
2.477,2.478280000000001
2.411,2.40975
2.58,2.5762800000000046
2.313,2.312509999999998
2.565,2.5643999999999996
2.39,2.3910599999999964
2.625,2.626089999999999
2.516,2.5177899999999975
2.564,2.562159999999997
2.508,2.5105000000000026
2.325,2.319069999999998
2.414,2.4136199999999963
2.567,2.5658400000000023
2.517,2.5156299999999976
2.618,2.6171399999999987
2.54,2.541429999999998
2.403,2.3990999999999985
2.42,2.419769999999996
2.51,2.5097399999999985
2.269,2.269720000000002
2.667,2.6675400000000007
2.544,2.542650000000002
2.623,2.6255699999999984
2.342,2.343980000000003
2.624,2.6260999999999983
2.723,2.725410000000004
2.368,2.3656299999999986
2.577,2.5820400000000006
2.5,2.5039100000000003
2.346,2.344990000000002
2.549,2.546920000000002
2.583,2.58337
2.44,2.4391099999999986
2.617,2.616079999999997
2.333,2.3283399999999994
2.351,2.3491599999999995
2.514,2.5134500000000024
2.503,2.495289999999999
2.428,2.4317799999999985
2.581,2.5806699999999965
2.553,2.549909999999998
2.586,2.5876600000000036
2.488,2.487120000000001
2.56,2.5615200000000016
2.455,2.455050000000004
2.705,2.7039400000000033
2.419,2.4145400000000032
2.711,2.708600000000004
2.503,2.506229999999998
2.362,2.3658099999999984
2.637,2.63464
2.513,2.5138400000000014
2.585,2.585360000000001
2.622,2.621730000000004
2.534,2.5404099999999983
2.441,2.4419800000000014
2.598,2.5943600000000044
2.5,2.5029699999999995
2.569,2.5639599999999962
2.285,2.284349999999998
2.545,2.5435799999999973
2.436,2.435970000000004
2.665,2.6609499999999993
2.562,2.5580500000000024
2.524,2.5258800000000003
2.549,2.5457500000000026
2.4,2.3971200000000015
2.662,2.6592200000000012
2.699,2.7011900000000035
2.539,2.534339999999997
2.659,2.659339999999998
2.443,2.4447900000000033
2.42,2.419379999999997
2.504,2.5077099999999994
2.543,2.5443700000000034
2.461,2.459850000000003
2.554,2.5559100000000012
2.531,2.532720000000003
2.4,2.3978900000000025
2.552,2.553689999999998
2.586,2.5815700000000033
2.517,2.5163099999999976
2.615,2.610080000000002
2.378,2.382319999999997
2.547,2.548119999999998
2.383,2.3870600000000026
2.389,2.3923200000000033
2.437,2.4391400000000023
2.406,2.411180000000003
2.445,2.4421399999999966
2.479,2.4812500000000055
2.584,2.5827400000000016
2.468,2.467069999999997
2.341,2.340720000000001
2.614,2.608130000000001
2.416,2.4157899999999985
2.494,2.4986699999999997
2.545,2.5435599999999963
2.52,2.5186800000000007
2.609,2.607490000000004
2.548,2.545530000000001
2.414,2.4134299999999955
2.718,2.720499999999999
2.519,2.523490000000002
2.485,2.4848100000000044
2.596,2.598150000000002
2.525,2.528320000000002
2.54,2.5376899999999987
2.472,2.4692200000000026
2.468,2.468479999999997
2.512,2.5127999999999995
2.607,2.607140000000001
2.349,2.3449299999999975
2.303,2.299289999999999
2.441,2.4407800000000015
2.337,2.339999999999998
2.458,2.459159999999999
2.55,2.549960000000002
2.411,2.410330000000001
2.357,2.3536699999999993
2.507,2.5047300000000026
2.586,2.583390000000003
2.331,2.3291899999999983
2.582,2.5805599999999975
2.582,2.5856599999999976
2.595,2.59782
2.622,2.6246300000000047
2.72,2.7141400000000004
2.464,2.46168
2.511,2.5130199999999983
2.458,2.460439999999999
2.5,2.49659
2.653,2.6527499999999975
2.365,2.368790000000002
2.414,2.4157399999999964
2.638,2.6391100000000023
2.602,2.5969100000000016
2.464,2.46467
2.585,2.5828000000000015
2.534,2.5342099999999985
2.65,2.6500700000000017
2.507,2.5084900000000023
2.603,2.6065700000000023
2.56,2.5582200000000013
2.505,2.506059999999998
2.572,2.5762000000000014
2.463,2.4644199999999974
2.518,2.517280000000001
2.473,2.4699000000000044
2.416,2.4129999999999976
2.61,2.607910000000004
2.587,2.5922499999999973
2.45,2.4463999999999975
2.558,2.5540499999999984
2.349,2.3488199999999972
2.518,2.51555
2.545,2.5463999999999958
2.671,2.6693799999999976
2.423,2.4202400000000015
2.372,2.371260000000001
2.41,2.4101699999999986
2.366,2.3639000000000028
2.634,2.631179999999995
2.655,2.65856
2.532,2.529650000000002
2.622,2.619520000000004
2.513,2.5113800000000017
2.49,2.4862000000000024
2.467,2.4651800000000046
2.469,2.465719999999998
2.345,2.3461799999999986
2.526,2.528990000000002
2.496,2.4926400000000024
2.575,2.5756499999999978
2.509,2.509769999999997
2.484,2.485920000000002
2.413,2.4152900000000033
2.507,2.510620000000002
2.574,2.578090000000003
2.386,2.3905999999999983
2.509,2.509509999999996
2.523,2.5252699999999986
2.428,2.4314499999999977
2.441,2.4408900000000013
2.523,2.5201099999999994
2.387,2.38989
2.535,2.535769999999998
2.41,2.411189999999998
2.606,2.609049999999998
2.414,2.4149299999999965
2.553,2.5584299999999986
2.427,2.431009999999998
2.604,2.606200000000003
2.373,2.3721999999999976
2.548,2.5467400000000007
2.413,2.414150000000002
2.479,2.4820600000000046
2.397,2.395699999999998
2.582,2.5816899999999974
2.416,2.4144899999999985
2.555,2.5536000000000016
2.466,2.464170000000001
2.489,2.491540000000002
2.515,2.512969999999996
2.424,2.420270000000002
2.521,2.518009999999995
2.653,2.65038
2.422,2.418539999999999
2.617,2.613779999999999
2.65,2.6537200000000016
2.418,2.417290000000003
2.354,2.3587600000000033
2.53,2.531309999999999
2.445,2.444479999999997
2.687,2.6848400000000026
2.503,2.5011199999999976
2.42,2.419769999999997
2.385,2.3826499999999986
2.609,2.609150000000002
2.443,2.439800000000003
2.504,2.4990449999999993
2.596,2.5985200000000024
2.452,2.447889999999999
2.495,2.493710000000002
2.498,2.4974599999999962
2.568,2.570260000000002
2.559,2.5598699999999983
2.478,2.4783100000000022
2.506,2.5036199999999993
2.463,2.4649699999999966
2.352,2.350600000000002
2.526,2.5212500000000015
2.689,2.6845099999999986
2.412,2.4125500000000026
2.423,2.4226300000000007
2.413,2.4148300000000025
2.572,2.574260000000001
2.545,2.540069999999996
2.484,2.4844600000000003
2.408,2.4061499999999962
2.509,2.510119999999995
2.344,2.346279999999997
2.514,2.513190000000003
2.587,2.585069999999998
2.375,2.3724000000000003
2.347,2.3469100000000025
2.658,2.6592499999999983
2.439,2.4394599999999964
2.614,2.6124600000000013
2.485,2.484290000000005
2.484,2.484490000000002
2.544,2.540350000000002
2.412,2.409270000000003
2.513,2.5091800000000024
2.462,2.465919999999998
2.368,2.3657299999999992
2.534,2.52802
2.474,2.472839999999997
2.484,2.4852900000000018
2.379,2.384059999999998
2.659,2.6586499999999984
2.588,2.584369999999997
2.596,2.598230000000001
2.469,2.467259999999997
2.327,2.3252999999999986
2.695,2.6976199999999966
2.494,2.4908799999999998
2.425,2.429400000000003
2.542,2.538430000000001
2.617,2.6129999999999978
2.498,2.494619999999998
2.628,2.6273599999999973
2.608,2.608650000000003
2.392,2.3931799999999983
2.433,2.436019999999997
2.596,2.597570000000002
2.485,2.4859700000000036
2.357,2.3603600000000005
2.452,2.4527099999999984
2.47,2.4671599999999994
2.464,2.46852
2.445,2.441799999999997
2.39,2.389149999999996
2.729,2.7283300000000033
2.687,2.684840000000003
2.384,2.384599999999995
2.658,2.657139999999997
2.46,2.4595400000000014
2.513,2.5150900000000016
2.494,2.4940799999999994
2.434,2.4362899999999974
2.598,2.602890000000004
2.513,2.509210000000002
2.452,2.4450699999999994
2.37,2.3674800000000022
2.411,2.4133000000000004
2.336,2.3379800000000035
2.501,2.502790000000002
2.38,2.384639999999997
2.473,2.4728000000000043
2.637,2.6387500000000004
2.62,2.6149100000000023
2.497,2.4970000000000043
2.491,2.489190000000004
2.688,2.6880499999999965
2.552,2.5548499999999974
2.467,2.465420000000003
2.357,2.3607199999999997
2.539,2.5379599999999964
2.583,2.5852
2.437,2.435990000000003
2.529,2.532629999999998
2.464,2.4600599999999986
2.482,2.4840499999999994
2.478,2.4763900000000016
2.597,2.600060000000002
2.437,2.435240000000002
2.505,2.4998933333333313
2.424,2.4286000000000025
2.536,2.533340000000001
2.478,2.481980000000002
2.406,2.4095400000000033
2.633,2.632820000000001
2.593,2.5914899999999976
2.44,2.4406399999999984
2.55,2.5537000000000014
2.554,2.5564100000000014
2.564,2.5608799999999974
2.331,2.337339999999998
2.601,2.60154
2.443,2.443000000000003
2.464,2.4657799999999988
2.53,2.5331300000000003
2.461,2.4585200000000036
2.279,2.283649999999997
2.639,2.6370800000000028
2.365,2.365970000000002
2.4,2.397070000000003
2.467,2.465090000000002
2.642,2.6395299999999993
2.577,2.5818399999999997
2.484,2.4850200000000022
2.531,2.528050000000001
2.44,2.4420499999999987
2.514,2.5135300000000016
2.507,2.507240000000002
2.597,2.598420000000002
2.597,2.5936200000000014
2.549,2.5473900000000036
2.464,2.466919999999999
2.574,2.569430000000003
2.491,2.489180000000005
2.392,2.392879999999998
2.46,2.4608000000000025
2.508,2.507420000000002
2.591,2.5891800000000016
2.482,2.4818099999999994
2.379,2.377029999999998
2.506,2.51112
2.511,2.509579999999998
2.519,2.5164200000000023
2.592,2.5898200000000045
2.602,2.596530000000002
2.441,2.439680000000001
2.438,2.437839999999996
2.396,2.394789999999996
2.57,2.5653599999999965
2.645,2.641830000000001
2.468,2.4660999999999973
2.476,2.4792000000000005
2.647,2.6510399999999983
2.551,2.548379999999996
2.544,2.544100000000003
2.381,2.3839600000000005
2.568,2.5656500000000033
2.407,2.405520000000003
2.387,2.3861700000000003
2.465,2.4679600000000024
2.441,2.4424300000000008
2.478,2.481230000000002
2.356,2.352659999999998
2.596,2.599470000000003
2.613,2.6186799999999995
2.305,2.307410000000003
2.598,2.596160000000004
2.419,2.4156400000000016
2.586,2.581050000000003
2.493,2.489189999999998
2.503,2.5073099999999977
2.481,2.4838599999999973
2.621,2.616740000000002
2.376,2.3752300000000024
2.561,2.561050000000002
2.61,2.6084300000000042
2.572,2.574270000000002
2.732,2.730300000000001
2.447,2.4461700000000017
2.596,2.6008100000000014
2.489,2.490120000000002
2.623,2.6267499999999977
2.499,2.496979999999999
2.461,2.4619800000000036
2.631,2.6314000000000006
2.451,2.453719999999998
2.359,2.3558800000000018
2.448,2.449160000000001
2.562,2.5592500000000036
2.639,2.6385500000000017
2.511,2.5108499999999987
2.632,2.6332600000000013
2.364,2.363680000000002
2.456,2.4560799999999983
2.471,2.4668200000000033
2.489,2.4889700000000015
2.508,2.5099100000000014
2.569,2.566809999999997
2.456,2.4586699999999966
2.514,2.5147900000000027
2.495,2.4974400000000023
2.407,2.4060000000000015
2.489,2.485900000000002
2.486,2.4863999999999975
2.483,2.484020000000002
2.503,2.5018199999999955
2.508,2.5076100000000023
2.457,2.458099999999997
2.627,2.630330000000002
2.383,2.3822800000000015
2.428,2.428379999999999
2.396,2.391519999999996
2.365,2.365420000000003
2.573,2.568230000000001
2.292,2.2929100000000004
2.476,2.4778599999999993
2.715,2.7113800000000015
2.346,2.3458900000000016
2.302,2.3018299999999994
2.35,2.3505699999999976
2.59,2.5894000000000013
2.612,2.609029999999998
2.449,2.4523800000000047
2.568,2.572130000000005
2.639,2.637310000000003
2.679,2.6800200000000003
2.475,2.473219999999998
2.27,2.271330000000002
2.418,2.4159500000000036
2.457,2.458989999999997
2.474,2.475609999999998
2.481,2.484149999999998
2.612,2.6095899999999976
2.627,2.631610000000001
2.483,2.486030000000002
2.61,2.6125000000000047
2.536,2.5371500000000013
2.506,2.5083300000000004
2.591,2.588680000000002
2.507,2.5076600000000018
2.706,2.7053599999999984
2.356,2.3542399999999986
2.448,2.4503800000000004
2.487,2.4866999999999972
2.544,2.5471500000000025
2.627,2.6287200000000026
2.498,2.501949999999997
2.358,2.3620500000000026
2.584,2.582180000000002
2.575,2.579779999999996
2.306,2.303840000000002
2.5,2.49446
2.341,2.344750000000001
2.434,2.4364199999999983
2.41,2.410059999999997
2.581,2.583689999999998
2.512,2.51136
2.371,2.3669900000000017
2.588,2.5868999999999964
2.357,2.3605799999999992
2.533,2.532069999999996
2.419,2.4167000000000023
2.463,2.4658499999999974
2.55,2.551080000000003
2.552,2.5543399999999985
2.634,2.6325599999999967
2.492,2.491019999999997
2.531,2.5261600000000017
2.456,2.4571699999999974
2.518,2.5137100000000006
2.544,2.541740000000003
2.49,2.489560000000002
2.32,2.3176599999999983
2.533,2.532859999999996
2.536,2.5339100000000006
2.432,2.4368199999999964
2.372,2.3729300000000033
2.648,2.644309999999999
2.549,2.5523500000000032
2.477,2.481700000000001
2.386,2.3898799999999985
2.418,2.4168200000000026
2.63,2.6327099999999986
2.514,2.5146800000000034
2.445,2.4432999999999963
2.551,2.554099999999997
2.419,2.4202300000000023
2.65,2.6480800000000015
2.635,2.6336899999999974
2.453,2.4543700000000017
2.437,2.4412100000000034
2.352,2.3568000000000024
2.366,2.364020000000003
2.514,2.516600000000003
2.467,2.4662500000000036
2.365,2.367650000000002
2.472,2.4671000000000025
2.551,2.5537599999999956
2.553,2.5573999999999977
2.31,2.3116900000000014
2.487,2.484999999999998
2.362,2.3635599999999983
2.59,2.5882100000000015
2.578,2.579070000000001
2.41,2.411259999999998
2.423,2.427610000000001
2.454,2.459150000000001
2.275,2.2758100000000026
2.534,2.5320499999999977
2.473,2.4730700000000034
2.597,2.5949200000000014
2.39,2.3882599999999963
2.438,2.438569999999997
2.349,2.3445199999999975
2.4,2.394790000000002
2.382,2.380680000000002
2.6,2.6012999999999975
2.43,2.4334800000000025
2.512,2.5140900000000004
2.462,2.4625599999999985
2.373,2.3706499999999986
2.483,2.4842400000000024
2.56,2.559300000000001
2.379,2.3836899999999983
2.581,2.5812199999999974
2.415,2.41337
2.452,2.4477099999999994
2.553,2.5529499999999974
2.434,2.435139999999998
2.504,2.5078299999999984
2.469,2.4648699999999972
2.513,2.510420000000003
2.317,2.3216300000000025
2.562,2.5609400000000027
2.604,2.6054500000000043
2.409,2.4097699999999973
2.476,2.475089999999999
2.529,2.5301099999999974
2.569,2.566489999999999
2.297,2.2954999999999974
2.411,2.411080000000001
2.467,2.4636900000000033
2.57,2.566589999999997
2.477,2.475660000000002
2.359,2.360550000000002
2.54,2.538139999999998
2.632,2.6332000000000018
2.511,2.5106299999999977
2.409,2.4116099999999987
2.596,2.595750000000002
2.566,2.5619800000000015
2.397,2.3935499999999985
2.538,2.540150000000002
2.6,2.6032999999999977
2.618,2.614719999999998
2.493,2.491649999999998
2.464,2.464389999999998
2.623,2.627479999999999
2.379,2.3749799999999985
2.544,2.540620000000002
2.363,2.36789
2.607,2.60598
2.474,2.4692199999999964
2.627,2.621360000000002
2.549,2.5437100000000035
2.378,2.3751799999999976
2.642,2.640019999999998
2.655,2.65804
2.588,2.584229999999997
2.424,2.4216900000000026
2.469,2.4659199999999974
2.515,2.5157599999999953
2.43,2.4334900000000026
2.669,2.669470000000002
2.514,2.512470000000003
2.534,2.534009999999999
2.465,2.4607100000000015
2.493,2.498099999999998
2.463,2.4663399999999975
2.581,2.579929999999998
2.612,2.609169999999998
2.528,2.5304399999999974
2.466,2.4650300000000023
2.496,2.494910000000002
2.502,2.504070000000001
2.42,2.4206599999999967
2.558,2.559479999999996
2.546,2.5431799999999978
2.654,2.6559499999999985
2.626,2.624510000000002
2.431,2.432260000000004
2.582,2.583729999999997
2.405,2.40132
2.57,2.564939999999997
2.448,2.450700000000001
2.398,2.397409999999998
2.528,2.5250199999999974
2.325,2.3226799999999987
2.482,2.4861999999999993
2.508,2.5081800000000025
2.463,2.4625799999999978
2.342,2.3440600000000034
2.418,2.415670000000002
2.539,2.540119999999996
2.558,2.5614699999999972
2.498,2.4933899999999984
2.616,2.615120000000003
2.54,2.536419999999998
2.425,2.4218400000000035
2.472,2.4676900000000015
2.36,2.3639000000000037
2.489,2.4874700000000023
2.611,2.605699999999997
2.569,2.573649999999996
2.64,2.6398699999999953
2.47,2.4694299999999996
2.635,2.6371999999999973
2.481,2.4754799999999975
2.647,2.6476499999999974
2.498,2.495939999999998
2.571,2.568569999999998
2.648,2.6507799999999992
2.481,2.4797299999999973
2.522,2.524069999999997
2.629,2.630629999999998
2.487,2.486059999999998
2.368,2.3669799999999976
2.714,2.7101799999999985
2.453,2.4573600000000018
2.516,2.5169999999999972
2.616,2.6192900000000043
2.439,2.4417199999999966
2.399,2.3930800000000008
2.525,2.5204400000000025
2.321,2.3216899999999994
2.471,2.466770000000002
2.525,2.529080000000002
2.473,2.4682000000000035
2.346,2.347110000000002
2.659,2.658649999999998
2.51,2.5107699999999964
2.643,2.64395
2.474,2.4680399999999985
2.412,2.4072100000000036
2.527,2.5276999999999954
2.478,2.473210000000002
2.382,2.3826700000000027
2.647,2.6410399999999976
2.438,2.4384699999999966
2.316,2.318440000000001
2.633,2.6324100000000015
2.45,2.4511899999999964
2.439,2.4390699999999983
2.323,2.3239600000000005
2.674,2.6727100000000017
2.371,2.3676200000000023
2.506,2.5067299999999992
2.591,2.5900500000000015
2.542,2.5441599999999998
2.494,2.4912800000000006
2.33,2.329860000000003
2.419,2.4158700000000013
2.519,2.5171700000000024
2.421,2.418839999999998
2.52,2.517430000000002
2.568,2.564120000000003
2.596,2.5985600000000018
2.377,2.3792800000000014
2.72,2.7194600000000007
2.577,2.5726699999999987
2.5,2.5062900000000004
2.609,2.6101700000000023
2.356,2.352069999999999
2.477,2.4761400000000022
2.519,2.517050000000002
2.537,2.534680000000003
2.496,2.4944900000000034
2.435,2.439300000000001
2.295,2.2920799999999977
2.537,2.534250000000003
2.646,2.6463499999999964
2.441,2.4407900000000007
2.544,2.543780000000003
2.343,2.344819999999998
2.546,2.5422499999999983
2.461,2.460360000000003
2.424,2.4249800000000024
2.424,2.421830000000004
2.461,2.4621300000000037
2.538,2.537720000000003
2.369,2.37068
2.46,2.462000000000002
2.496,2.499320000000002
2.39,2.3873599999999957
2.68,2.6770100000000037
2.415,2.4140499999999987
2.433,2.432459999999997
2.402,2.4042599999999963
2.68,2.6821700000000037
2.555,2.559070000000004
2.406,2.404180000000002
2.611,2.607989999999997
2.52,2.5237600000000024
2.526,2.5266400000000035
2.466,2.468790000000002
2.425,2.421940000000003
2.534,2.539769999999999
2.445,2.443329999999997
2.682,2.6798399999999964
2.373,2.3703399999999974
2.654,2.6480599999999983
2.489,2.493090000000002
2.53,2.53252
2.583,2.5813299999999995
2.437,2.439120000000001
2.586,2.5827400000000034
2.428,2.424459999999999
2.408,2.412979999999996
2.375,2.3723799999999993
2.479,2.4801600000000046
2.539,2.5392499999999965
2.57,2.5671699999999977
2.524,2.5214299999999996
2.433,2.4354599999999973
2.537,2.5339600000000027
2.512,2.51147
2.594,2.5954999999999973
2.578,2.5793200000000014
2.503,2.506329999999997
2.41,2.4090399999999983
2.435,2.4371000000000014
2.445,2.440349999999996
2.468,2.465799999999997
2.527,2.531039999999997
2.572,2.5761300000000005
2.495,2.4916200000000024
2.502,2.5057600000000027
2.514,2.5117600000000038
2.448,2.4514500000000017
2.407,2.40054
2.324,2.324750000000003
2.43,2.4316000000000018
2.547,2.5496499999999993
2.43,2.432950000000004
2.476,2.4789600000000003
2.547,2.5475699999999986
2.552,2.554849999999999
2.392,2.393679999999999
2.6,2.6028799999999968
2.613,2.6103700000000005
2.387,2.38518
2.418,2.4156600000000035
2.619,2.615530000000001
2.485,2.4868200000000042
2.278,2.2765799999999987
2.36,2.3602400000000032
2.475,2.478419999999998
2.384,2.3881399999999955
2.459,2.458210000000001
2.503,2.504849999999995
2.646,2.6459399999999964
2.471,2.469570000000002
2.607,2.6100600000000007
2.643,2.64865
2.643,2.6473699999999996
2.528,2.529809999999999
2.304,2.302620000000001
2.546,2.5430599999999988
2.605,2.6076199999999967
2.492,2.4945699999999973
2.674,2.6738300000000033
2.586,2.5915400000000046
2.557,2.5566999999999958
2.609,2.6051700000000015
2.533,2.537349999999996
2.45,2.446989999999996
2.62,2.6213800000000034
2.419,2.4147100000000017
2.478,2.4770200000000013
2.396,2.397309999999996
2.678,2.679899999999999
2.668,2.668250000000004
2.412,2.4120800000000027
2.515,2.514909999999995
2.432,2.4332799999999963
2.561,2.5670300000000026
2.551,2.5475699999999972
2.581,2.5796899999999976
2.533,2.5326699999999964
2.397,2.396719999999998
2.329,2.3247700000000013
2.461,2.459220000000004
2.343,2.340309999999998
2.351,2.352119999999999
2.4,2.397950000000003
2.408,2.4098099999999976
2.405,2.399200000000001
2.552,2.552829999999999
2.449,2.445830000000002
2.482,2.4840400000000007
2.589,2.5850999999999993
2.423,2.4226100000000006
2.474,2.4734199999999973
2.537,2.534320000000002
2.306,2.311180000000003
2.535,2.5336899999999973
2.549,2.5458100000000026
2.706,2.709009999999998
2.516,2.515459999999997
2.582,2.583259999999997
2.48,2.4811999999999967
2.53,2.5322500000000003
2.667,2.6698100000000005
2.288,2.2860600000000013
2.541,2.540249999999998
2.714,2.712339999999999
2.528,2.5301399999999985
2.665,2.6627699999999987
2.437,2.4367700000000037
2.497,2.4990700000000046
2.503,2.5032699999999966
2.278,2.2772899999999985
2.383,2.385240000000002
2.39,2.3929899999999957
2.582,2.580599999999996
2.587,2.5865799999999965
2.532,2.5334500000000024
2.582,2.5832799999999976
2.484,2.487530000000001
2.62,2.6150900000000012
2.501,2.502310000000002
2.506,2.5095899999999998
2.473,2.4704900000000034
2.568,2.5698700000000034
2.458,2.4569599999999996
2.598,2.600760000000003
2.387,2.38697
2.39,2.3924599999999954
2.569,2.563619999999998
2.491,2.490510000000005
2.455,2.4588200000000024
2.589,2.5882299999999994
2.439,2.4416599999999966
2.48,2.4841899999999977
2.64,2.6410799999999957
2.654,2.657579999999998
2.657,2.6566900000000016
2.472,2.468460000000001
2.623,2.6222799999999973
2.405,2.408030000000001
2.409,2.41174
2.265,2.268289999999997
2.667,2.6612999999999993
2.414,2.414259999999997
2.487,2.4843299999999977
2.409,2.409529999999998
2.57,2.5725799999999963
2.462,2.465349999999998
2.37,2.3685600000000018
2.544,2.547830000000003
2.357,2.3612300000000004
2.416,2.4149999999999987
2.289,2.291159999999996
2.358,2.3625200000000017
2.518,2.51398
2.304,2.302160000000001
2.352,2.3560900000000013
2.5,2.50149
2.446,2.444479999999999
2.699,2.7008300000000043
2.683,2.6781899999999985
2.413,2.413540000000003
2.556,2.558140000000003
2.575,2.577559999999997
2.44,2.438849999999999
2.35,2.3520299999999983
2.499,2.4941599999999977
2.483,2.485570000000002
2.456,2.4596499999999972
2.544,2.5404300000000024
2.425,2.428820000000003
2.385,2.387099999999998
2.511,2.509389999999998
2.539,2.5399099999999963
2.382,2.38655
2.593,2.591959999999998
2.323,2.3186500000000008
2.442,2.4420400000000027
2.474,2.4705899999999987
2.436,2.4361100000000038
2.443,2.4440000000000035
2.687,2.685820000000003
2.415,2.4163499999999978
2.544,2.5402300000000024
2.509,2.510169999999996
2.548,2.551590000000001
2.401,2.398490000000002
2.388,2.390810000000002
2.425,2.4231300000000027
2.503,2.500989999999998
2.327,2.322879999999999
2.502,2.5002100000000027
2.669,2.672500000000001
2.515,2.5125999999999946
2.471,2.468950000000002
2.438,2.438859999999996
2.59,2.586870000000001
2.417,2.4160400000000006
2.685,2.682170000000001
2.693,2.6866600000000034
2.526,2.522390000000002
2.499,2.5035599999999976
2.603,2.606000000000002
2.609,2.6057100000000024
2.419,2.418680000000003
2.447,2.443630000000001
2.368,2.3644999999999974
2.541,2.5394999999999968
2.567,2.5642500000000035
2.365,2.3649700000000013
2.454,2.455490000000002
2.365,2.3652100000000016
2.41,2.412199999999998
2.555,2.557840000000003
2.427,2.4297899999999983
2.47,2.465949999999999
2.337,2.338969999999997
2.519,2.5162700000000022
2.496,2.4939400000000025
2.427,2.4240799999999982
2.481,2.482459999999998
2.518,2.5175999999999994
2.419,2.4161200000000034
2.352,2.3500800000000015
2.681,2.6787000000000023
2.437,2.435870000000002
2.49,2.491140000000002
2.601,2.6052500000000003
2.376,2.373610000000001
2.545,2.5408999999999953
2.429,2.4317200000000003
2.446,2.4411799999999984
2.428,2.4309599999999993
2.387,2.3901600000000003
2.496,2.492590000000002
2.353,2.3510000000000013
2.595,2.594909999999999
2.506,2.5089099999999998
2.542,2.5414000000000003
2.453,2.4562800000000014
2.463,2.460849999999999
2.529,2.527259999999998
2.384,2.3889299999999953
2.464,2.464729999999999
2.414,2.4143599999999967
2.411,2.41166
2.289,2.291929999999996
2.634,2.6306499999999953
2.431,2.4322400000000037
2.616,2.6129500000000054
2.607,2.60639
2.371,2.3714800000000023
2.391,2.3885399999999986
2.675,2.6729400000000036
2.497,2.494880000000003
2.526,2.5296700000000025
2.437,2.435360000000004
2.543,2.5391000000000035
2.428,2.431619999999999
2.297,2.2976699999999983
2.368,2.3696899999999967
2.502,2.5019700000000027
2.387,2.3875899999999994
2.493,2.4961899999999972
2.393,2.39454
2.422,2.4219299999999997
2.585,2.581490000000002
2.525,2.5261300000000024
2.499,2.4962399999999993
2.588,2.589209999999997
2.548,2.551820000000001
2.645,2.6483200000000022
2.454,2.4542800000000016
2.457,2.4580299999999964
2.37,2.3687300000000024
2.457,2.4528399999999957
2.596,2.598110000000002
2.63,2.631309999999998
2.596,2.5988600000000024
2.321,2.3204099999999994
2.608,2.610590000000002
2.316,2.319710000000002
2.59,2.589940000000001
2.463,2.4636299999999967
2.57,2.5666399999999983
2.367,2.3666599999999987
2.617,2.612779999999997
2.354,2.3512500000000047
2.433,2.433119999999998
2.4,2.4023100000000035
2.325,2.3229399999999987
2.509,2.5118799999999943
2.681,2.6835400000000025
2.51,2.5123999999999977
2.612,2.6078299999999985
2.523,2.528549999999998
2.55,2.554250000000003
2.466,2.4680000000000026
2.52,2.517420000000002
2.554,2.552080000000001
2.442,2.442290000000003
2.492,2.4966499999999967
2.494,2.4932400000000006
2.583,2.5825499999999995
2.393,2.3891299999999998
2.495,2.496300000000002
2.691,2.689820000000001
2.616,2.6146700000000056
2.635,2.631999999999997
2.502,2.505320000000002
2.532,2.5323400000000014
2.6,2.6013699999999975
2.656,2.655350000000003
2.305,2.3092800000000038
2.368,2.371859999999998
2.631,2.6343600000000005
2.472,2.469230000000002
2.433,2.436559999999997
2.375,2.3770599999999997
2.444,2.4399999999999986
2.36,2.361730000000003
2.709,2.704790000000001
2.498,2.493959999999998
2.494,2.4887099999999998
2.559,2.556619999999999
2.596,2.5988300000000026
2.595,2.5961399999999997
2.607,2.60434
2.437,2.438410000000004
2.47,2.4664399999999995
2.577,2.579239999999999
2.447,2.4454100000000016
2.499,2.4986599999999983
2.54,2.5417999999999994
2.579,2.578800000000001
2.322,2.3217200000000027
2.571,2.5699799999999993
2.477,2.4745400000000015
2.571,2.5687499999999996
2.578,2.582680000000002
2.661,2.66084
2.635,2.636409999999996
2.635,2.634729999999998
2.644,2.6411900000000013
2.529,2.529709999999998
2.503,2.506509999999998
2.587,2.586799999999998
2.573,2.576220000000001
2.469,2.4680599999999977
2.54,2.5402199999999984
2.496,2.4921000000000024
2.415,2.4134299999999986
2.629,2.6300399999999975
2.506,2.5141899999999993
2.705,2.703420000000002
2.337,2.3372899999999976
2.444,2.444159999999997
2.503,2.5083599999999984
2.614,2.6103400000000017
2.54,2.5394899999999985
2.531,2.534700000000002
2.387,2.38706
2.384,2.3828799999999974
2.532,2.528670000000001
2.364,2.363160000000002
2.447,2.444620000000001
2.55,2.547790000000002
2.402,2.406599999999996
2.661,2.6576000000000004
2.622,2.6189200000000032
2.343,2.3461700000000003
2.407,2.409740000000003
2.271,2.2731899999999956
2.422,2.417859999999998
2.577,2.5788799999999994
2.459,2.462030000000002
2.546,2.541139999999999
2.348,2.3472600000000043
2.58,2.5794900000000034
2.444,2.4462399999999973
2.501,2.4981800000000014
2.491,2.4910700000000046
2.373,2.374389999999998
2.385,2.388119999999997
2.597,2.5939300000000025
2.54,2.5432799999999975
2.605,2.604409999999997
2.532,2.5302400000000027
2.514,2.5189400000000033
2.327,2.32347
2.473,2.4710500000000035
2.497,2.498530000000003
2.695,2.694429999999997
2.569,2.5660999999999974
2.654,2.6583199999999994
2.56,2.5602800000000006
2.429,2.4308600000000014
2.512,2.51319
2.524,2.5260300000000004
2.406,2.4097900000000037
2.462,2.462269999999998
2.479,2.4813900000000033
2.661,2.6567600000000002
2.292,2.2909300000000004
2.621,2.6176900000000036
2.406,2.4010500000000023
2.363,2.36244
2.618,2.6137099999999993
2.573,2.5768000000000004
2.625,2.62045
2.58,2.581650000000002
2.706,2.7039899999999983
2.556,2.5587200000000028
2.484,2.4833050000000028
2.534,2.5347699999999977
2.624,2.6263399999999995
2.422,2.420479999999998
2.435,2.4386400000000013
2.469,2.4724499999999976
2.29,2.290079999999998
2.514,2.5134100000000035
2.311,2.309600000000003
2.505,2.5090299999999983
2.587,2.585759999999997
2.452,2.4540299999999995
2.668,2.6705800000000037
2.354,2.3509200000000043
2.619,2.6177699999999997
2.568,2.5623300000000033
2.328,2.325910000000001
2.494,2.49579
2.412,2.414180000000003
2.359,2.3605500000000004
2.478,2.477950000000001
2.487,2.4863999999999975
2.51,2.5119399999999974
2.47,2.4701799999999996
2.563,2.563209999999998
2.461,2.4663900000000023
2.307,2.3105199999999972
2.485,2.4870100000000046
2.535,2.5353399999999984
2.402,2.4047399999999963
2.516,2.5164699999999987
2.631,2.6307799999999992
2.405,2.4074400000000007
2.606,2.6056199999999974
2.457,2.464009999999998
2.675,2.679690000000002
2.463,2.462969999999998
2.416,2.4183099999999986
2.569,2.5656499999999967
2.456,2.4581499999999994
2.416,2.4183199999999987
2.452,2.446979999999998
2.496,2.492400000000002
2.634,2.6326899999999953
2.307,2.3032499999999985
2.502,2.498210000000003
2.562,2.5610900000000036
2.519,2.518510000000002
2.631,2.6333399999999996
2.493,2.489053333333331
2.482,2.48227
2.559,2.557029999999999
2.51,2.5117999999999965
2.461,2.461060000000004
2.552,2.548759999999999
2.435,2.437460000000001
2.439,2.436499999999998
2.447,2.4508700000000005
2.635,2.6350399999999974
2.54,2.5398099999999983
2.503,2.5056499999999953
2.332,2.334949999999998
2.531,2.531110000000002
2.548,2.5436100000000015
2.559,2.561679999999999
2.637,2.635989999999999
2.426,2.422909999999996
2.569,2.5677099999999973
2.574,2.5733400000000035
2.412,2.412940000000003
2.566,2.5631600000000017
2.461,2.459610000000004
2.293,2.2955300000000025
2.617,2.6183599999999974
2.422,2.419509999999998
2.415,2.416079999999999
2.46,2.4589600000000016
2.527,2.5287599999999952
2.494,2.4930199999999996
2.555,2.554680000000003
2.366,2.367480000000004
2.426,2.429579999999996
2.488,2.487739999999999
2.69,2.6922599999999988
2.489,2.489620000000001
2.609,2.608320000000002
2.504,2.5104499999999983
2.452,2.457039999999998
2.475,2.470109999999997
2.483,2.4870900000000025
2.56,2.560800000000001
2.637,2.6343099999999997
2.536,2.5347000000000004
2.619,2.6214100000000014
2.404,2.409049999999998
2.459,2.461420000000002
2.428,2.4251099999999983
2.531,2.5359500000000024
2.464,2.4616899999999995
2.573,2.5682300000000016
2.407,2.4083800000000024
2.504,2.500329999999997
2.569,2.5730499999999967
2.293,2.295120000000003
2.712,2.7141999999999964
2.472,2.4699500000000016
2.297,2.295299999999998
2.516,2.519999999999998
2.503,2.505419999999995
2.492,2.4890599999999976
2.599,2.59645
2.575,2.576349999999997
2.53,2.5287900000000003
2.545,2.5489699999999957
2.49,2.491150000000003
2.678,2.6795099999999987
2.352,2.347020000000001
2.514,2.514040000000003
2.507,2.5033500000000024
2.581,2.5782399999999974
2.416,2.412489999999999
2.326,2.3230199999999974
2.516,2.5178199999999977
2.528,2.5301499999999986
2.649,2.6538700000000004
2.373,2.377519999999998
2.615,2.6100400000000032
2.462,2.4592999999999976
2.371,2.368750000000003
2.459,2.4582500000000023
2.501,2.496660000000002
2.556,2.5591000000000017
2.441,2.4400700000000013
2.656,2.6575200000000017
2.389,2.3919300000000034
2.326,2.3267999999999978
2.611,2.613729999999998
2.273,2.2731299999999983
2.48,2.4826099999999975
2.499,2.501829999999998
2.388,2.3886500000000024
2.494,2.4916899999999997
2.495,2.4916800000000023
2.516,2.5135099999999966
2.566,2.563630000000001
2.396,2.3956099999999974
2.669,2.670810000000003
2.525,2.5258100000000026
2.573,2.5699700000000005
2.437,2.436210000000003
2.629,2.6257399999999995
2.474,2.471789999999998
2.528,2.529789999999998
2.407,2.410800000000003
2.4,2.4036200000000023
2.569,2.5677199999999964
2.456,2.4514399999999976
2.415,2.4137799999999983
2.436,2.4359600000000032
2.57,2.570429999999996
2.437,2.438790000000003
2.488,2.48626
2.502,2.503840000000002
2.308,2.3132899999999967
2.353,2.358770000000002
2.534,2.5330399999999975
2.426,2.433189999999998
2.606,2.6044299999999976
2.597,2.5922600000000013
2.572,2.56704
2.682,2.6830799999999964
2.492,2.491559999999997
2.565,2.5593899999999974
2.442,2.4404600000000034
2.698,2.699930000000001
2.501,2.5008700000000013
2.539,2.5351899999999965
2.636,2.6351499999999985
2.485,2.4851000000000045
2.434,2.434309999999998
2.587,2.5851099999999962
2.508,2.510980000000002
2.518,2.5117
2.417,2.4135400000000002
2.328,2.3246000000000016
2.524,2.52695
2.59,2.589860000000002
2.477,2.4797800000000016
2.644,2.644540000000002
2.43,2.4333400000000025
2.395,2.3932900000000017
2.493,2.4895299999999985
2.492,2.487769999999997
2.577,2.5795499999999993
2.423,2.4171400000000007
2.637,2.63579
2.697,2.698610000000001
2.496,2.4996000000000014
2.625,2.62235
2.394,2.394370000000001
2.608,2.609970000000002
2.605,2.6076499999999982
2.586,2.5896600000000047
2.498,2.4957399999999983
2.436,2.4378000000000024
2.437,2.437890000000002
2.402,2.398589999999998
2.512,2.5119600000000006
2.458,2.459969999999999
2.418,2.4160800000000027
2.394,2.398490000000002
2.428,2.4238699999999986
2.612,2.6123099999999977
2.434,2.435729999999999
2.449,2.444320000000003
2.454,2.4516300000000006
2.534,2.5349999999999984
2.546,2.540599999999998
2.602,2.601030000000001
2.644,2.6396800000000025
2.395,2.3918300000000015
2.403,2.404949999999998
2.455,2.456350000000003
2.424,2.419060000000003
2.522,2.5176999999999983
2.305,2.302930000000002
2.388,2.387080000000001
2.654,2.6577599999999975
2.407,2.4109500000000024
2.624,2.620319999999999
2.536,2.53414
2.319,2.319939999999998
2.564,2.566449999999997
2.488,2.48514
2.454,2.454140000000001
2.524,2.5204000000000004
2.547,2.5492599999999985
2.571,2.5736999999999983
2.618,2.6159299999999983
2.541,2.537549999999998
2.362,2.3620199999999976
2.453,2.4501600000000012
2.572,2.570240000000001
2.64,2.6352599999999966
2.524,2.529560000000001
2.53,2.5272300000000008
2.496,2.494590000000002
2.326,2.3238899999999973
2.502,2.5049600000000023
2.621,2.624610000000002
2.44,2.4421399999999984
2.541,2.5397899999999978
2.585,2.585290000000002
2.409,2.4128499999999984
2.455,2.4511300000000036
2.398,2.3958199999999983
2.418,2.4179000000000026
2.371,2.3719000000000023
2.41,2.4096299999999977
2.642,2.6407299999999974
2.408,2.4037799999999963
2.513,2.512820000000003
2.45,2.4467099999999973
2.618,2.6148699999999985
2.631,2.6323299999999996
2.586,2.5860700000000043
2.531,2.5350800000000033
2.477,2.480040000000002
2.381,2.3793600000000006
2.694,2.6971599999999984
2.424,2.4232500000000026
2.566,2.5647300000000013
2.606,2.6030799999999976
2.444,2.4422399999999964
2.604,2.6080900000000047
2.576,2.577109999999997
2.673,2.6704200000000013
2.453,2.4541700000000017
2.371,2.370310000000003
2.449,2.4465300000000023
2.521,2.517829999999995
2.506,2.5060200000000004
2.461,2.463240000000004
2.309,2.310619999999999
2.547,2.5514799999999993
2.697,2.699340000000001
2.546,2.5491799999999993
2.561,2.5602100000000023
2.557,2.553289999999998
2.54,2.5385099999999987
2.593,2.5895799999999976
2.54,2.539249999999998
2.469,2.4653299999999976
2.42,2.4193399999999965
2.475,2.477649999999997
2.531,2.5324300000000033
2.468,2.468879999999999
2.531,2.5324700000000027
2.544,2.5465300000000024
2.583,2.5832199999999994
2.628,2.6282199999999967
2.508,2.5069800000000013
2.369,2.3664199999999997
2.465,2.4633400000000014
2.504,2.5021099999999983
2.316,2.3188100000000014
2.639,2.6357000000000026
2.514,2.517200000000002
2.538,2.539550000000003
2.637,2.6349999999999993
2.437,2.4371700000000023
2.557,2.553699999999998
2.489,2.4875000000000016
2.482,2.4793800000000004
2.423,2.42541
2.667,2.6633399999999994
2.462,2.4610499999999984
2.57,2.570159999999996
2.312,2.3114100000000035
2.618,2.6166099999999983
2.605,2.6056699999999977
2.51,2.512099999999998
2.477,2.4768500000000007
2.54,2.537769999999998
2.729,2.7252000000000027
2.324,2.322930000000003
2.578,2.582980000000001
2.409,2.408789999999998
2.498,2.496339999999998
2.475,2.476649999999999
2.457,2.455449999999997
2.499,2.5014399999999988
2.387,2.3857900000000005
2.603,2.606450000000003
2.321,2.318679999999999
2.554,2.555620000000001
2.467,2.4677800000000043
2.383,2.3840200000000014
2.52,2.521150000000003
2.344,2.3434199999999983
2.504,2.504779999999997
2.358,2.361340000000001
2.546,2.544099999999999
2.408,2.4084199999999956
2.455,2.458620000000004
2.529,2.533909999999999
2.423,2.423070000000001
2.494,2.489779999999999
2.349,2.351019999999997
2.563,2.559519999999997
2.676,2.6794099999999967
2.509,2.5091899999999945
2.579,2.578660000000002
2.322,2.323310000000002
2.65,2.6552900000000017
2.578,2.5787900000000006
2.452,2.455739999999999
2.624,2.6216799999999982
2.475,2.470749999999998
2.454,2.457240000000001
2.548,2.543860000000002
2.394,2.3941300000000028
2.602,2.5976300000000014
2.394,2.3916400000000015
2.395,2.392660000000002
2.409,2.4104599999999983
2.576,2.5772699999999973
2.438,2.440879999999997
2.365,2.3641300000000016
2.439,2.4408399999999966
2.497,2.492730000000003
2.382,2.3848300000000013
2.385,2.3872699999999987
2.711,2.713030000000004
2.414,2.416239999999996
2.468,2.4644899999999974
2.463,2.462739999999996
2.458,2.4577699999999987
2.562,2.5588400000000027
2.595,2.5973100000000007
2.469,2.4675099999999976
2.376,2.3742500000000017
2.627,2.6215600000000037
2.49,2.483780000000001
2.673,2.6711400000000007
2.275,2.2750500000000016
2.52,2.5233600000000016
2.692,2.6929300000000036
2.465,2.463860000000002
2.477,2.4804000000000026
2.53,2.527869999999999
2.444,2.4440799999999965
2.469,2.466519999999997
2.466,2.463280000000001
2.437,2.439750000000002
2.623,2.627559999999998
2.546,2.543029999999998
2.525,2.5292100000000017
2.581,2.582519999999998
2.474,2.476289999999997
2.423,2.420060000000001
2.44,2.438199999999999
2.5,2.494885
2.394,2.396520000000002
2.45,2.446289999999997
2.448,2.4448800000000013
2.712,2.7108299999999956
2.482,2.4822599999999997
2.673,2.6677500000000007
2.512,2.5103
2.575,2.576639999999999
2.51,2.509789999999997
2.433,2.4365599999999974
2.276,2.2765600000000017
2.521,2.5249999999999964
2.422,2.4197399999999987
2.42,2.419509999999998
2.45,2.4460999999999973
2.674,2.676130000000002
2.522,2.519959999999999
2.454,2.4496300000000018
2.382,2.38497
2.547,2.542619999999998
2.678,2.6823899999999994
2.475,2.473199999999997
2.567,2.5664400000000027
2.599,2.6023299999999976
2.341,2.339760000000001
2.518,2.517900000000001
2.545,2.5431199999999956
2.493,2.4897699999999974
2.421,2.4198399999999984
2.602,2.5994700000000024
2.46,2.4586500000000004
2.351,2.3498000000000006
2.295,2.2940799999999966
2.626,2.6265900000000015
2.562,2.5627900000000032
2.509,2.5099199999999957
2.456,2.458879999999997
2.447,2.446810000000002
2.392,2.391899999999997
2.457,2.458049999999996
2.288,2.2897900000000018
2.426,2.4287399999999963
2.469,2.4665399999999975
2.561,2.5635300000000036
2.496,2.489880000000002
2.579,2.5797300000000014
2.635,2.6322999999999968
2.606,2.6075899999999983
2.547,2.546599999999998
2.501,2.504870000000002
2.402,2.3971199999999975
2.574,2.5733900000000034
2.668,2.665740000000003
2.534,2.535379999999998
2.692,2.686930000000002
2.347,2.3472100000000022
2.385,2.3854799999999976
2.586,2.586300000000004
2.526,2.5238300000000033
2.631,2.6343799999999984
2.498,2.4949699999999977
2.413,2.412620000000002
2.479,2.475500000000005
2.347,2.350820000000002
2.387,2.3887799999999997
2.597,2.599670000000002
2.587,2.5842499999999973
2.536,2.5329200000000007
2.328,2.322900000000002
2.464,2.4698399999999996
2.378,2.377479999999998
2.618,2.612639999999999
2.442,2.443070000000003
2.391,2.3897699999999973
2.503,2.508799999999998
2.436,2.435760000000003
2.648,2.6493899999999995
2.427,2.4333099999999988
2.36,2.3635800000000042
2.285,2.282119999999998
2.497,2.4973200000000024
2.444,2.4415499999999963
2.357,2.3525199999999993
2.619,2.619770000000001
2.567,2.563230000000004
2.497,2.4989900000000036
2.636,2.6332099999999974
2.566,2.567490000000002
2.418,2.4202400000000024
2.396,2.3935599999999955
2.582,2.5836099999999975
2.54,2.539739999999998
2.517,2.517539999999999
2.415,2.4153899999999986
2.561,2.5598200000000038
2.424,2.4294300000000035
2.49,2.486660000000003
2.645,2.6481500000000024
2.434,2.4338899999999994
2.343,2.3450199999999986
2.395,2.393600000000002
2.599,2.6027199999999984
2.525,2.525670000000003
2.487,2.4868999999999977
2.449,2.453640000000004
2.549,2.546940000000003
2.415,2.4113999999999995
2.531,2.532430000000002
2.427,2.4246299999999983
2.41,2.4108499999999977
2.436,2.4321600000000028
2.462,2.470769999999999
2.495,2.491600000000002
2.524,2.5268399999999995
2.419,2.418710000000003
2.461,2.4620900000000026
2.651,2.6536800000000027
2.392,2.3896999999999977
2.516,2.5174799999999973
2.65,2.651330000000002
2.369,2.368890000000001
2.539,2.5351399999999966
2.42,2.414319999999996
2.45,2.445319999999997
2.42,2.424819999999995
2.427,2.430489999999999
2.584,2.585060000000002
2.61,2.6106900000000053
2.549,2.5512600000000027
2.339,2.3391699999999993
2.539,2.5402399999999954
2.607,2.6101300000000003
2.415,2.4149999999999987
2.597,2.593840000000002
2.57,2.5662299999999965
2.685,2.682960000000001
2.458,2.4627799999999995
2.39,2.3918499999999963
2.464,2.4609099999999993
2.644,2.6435600000000026
2.317,2.3195700000000037
2.293,2.295050000000004
2.509,2.511039999999996
2.456,2.4586199999999967
2.501,2.4954400000000025
2.595,2.5923599999999993
2.445,2.446609999999997
2.313,2.315129999999997
2.704,2.7041300000000006
2.4,2.3979900000000027
2.394,2.3924900000000022
2.61,2.6063900000000033
2.462,2.4634199999999975
2.494,2.49431
2.548,2.545880000000001
2.608,2.6043900000000018
2.467,2.4649900000000042
2.652,2.6516999999999955
2.286,2.288120000000001
2.576,2.578139999999997
2.416,2.412639999999999
2.637,2.6317600000000003
2.514,2.512230000000003
2.433,2.4294199999999964
2.566,2.5700500000000015
2.589,2.58385
2.564,2.5594899999999976
2.397,2.396069999999998
2.452,2.4528499999999993
2.5,2.5034599999999996
2.496,2.500900000000002
2.575,2.5802299999999976
2.299,2.297350000000004
2.533,2.5335299999999963
2.471,2.469360000000002
2.416,2.413069999999998
2.426,2.421929999999998
2.479,2.4813100000000032
2.43,2.430290000000004
2.412,2.4127200000000024
2.553,2.5555699999999986
2.419,2.418040000000003
2.478,2.473490000000002
2.654,2.656249999999998
2.599,2.5972799999999974
2.59,2.5931600000000015
2.45,2.4522399999999975
2.554,2.5559500000000006
2.477,2.472640000000003
2.48,2.474899999999997
2.541,2.538409999999997
2.44,2.4404399999999997
2.649,2.6499
2.484,2.484510000000003
2.562,2.5624400000000027
2.646,2.649289999999996
2.603,2.6050500000000016
2.359,2.3559100000000024
2.544,2.5435000000000034
2.585,2.5847000000000007
2.589,2.58954
2.389,2.394040000000002
2.434,2.434359999999999
2.599,2.600259999999998
2.424,2.4251900000000033
2.47,2.4687199999999985
2.658,2.659369999999997
2.495,2.4938600000000015
2.427,2.430009999999998
2.412,2.4164700000000026
2.533,2.531199999999998
2.367,2.3699699999999986
2.475,2.4777199999999984
2.533,2.529649999999996
2.63,2.625859999999997
2.567,2.564910000000002
2.429,2.426750000000001
2.618,2.6209999999999973
2.47,2.4738899999999995
2.376,2.3703800000000013
2.483,2.486780000000001
2.644,2.6411400000000027
2.517,2.5160099999999974
2.501,2.4987433333333358
2.664,2.6632499999999952
2.357,2.3605300000000002
2.371,2.373150000000001
2.338,2.337989999999997
2.537,2.537410000000002
2.517,2.5126699999999986
2.654,2.654169999999998
2.524,2.5219400000000003
2.46,2.4619800000000023
2.5,2.5048999999999997
2.512,2.5133799999999997
2.333,2.329769999999999
2.552,2.557319999999999
2.521,2.5162899999999953
2.562,2.5606200000000037
2.571,2.574269999999999
2.486,2.4846399999999975
2.437,2.433170000000004
2.56,2.557230000000001
2.539,2.5339999999999963
2.419,2.419140000000003
2.642,2.645369999999998
2.529,2.529309999999997
2.573,2.573570000000002
2.639,2.6350900000000026
2.502,2.502090000000003
2.532,2.5341400000000016
2.581,2.581899999999997
2.428,2.430959999999998
2.505,2.500429999999999
2.513,2.5119100000000016
2.404,2.399359999999998
2.732,2.7300300000000015
2.359,2.3624800000000024
2.37,2.369110000000002
2.631,2.63153
2.571,2.572869999999999
2.397,2.3967699999999983
2.561,2.5620000000000034
2.647,2.6483899999999996
2.497,2.4957500000000037
2.328,2.3284700000000016
2.569,2.5661499999999973
2.617,2.617219999999998
2.589,2.5870499999999987
2.48,2.4812599999999976
2.471,2.4662800000000007
2.544,2.5438700000000036
2.582,2.583809999999996
2.56,2.5584600000000015
2.604,2.604330000000004
2.398,2.394159999999998
2.477,2.4802400000000016
2.406,2.4035700000000024
2.461,2.4616400000000036
2.602,2.605790000000001
2.511,2.5134799999999986
2.519,2.5173000000000028
2.506,2.5033400000000006
2.511,2.5117599999999976
2.436,2.4363500000000027
2.494,2.48986
2.613,2.6111500000000003
2.511,2.512629999999998
2.421,2.4190899999999984
2.407,2.412980000000002
2.455,2.4592900000000033
2.507,2.507330000000001
2.619,2.6216099999999987
2.366,2.364390000000004
2.468,2.4662099999999976
2.514,2.5141800000000036
2.317,2.316680000000004
2.417,2.4174100000000016
2.432,2.430929999999997
2.42,2.4194899999999966
2.519,2.514340000000003
2.484,2.483590000000002
2.444,2.4402899999999974
2.543,2.5404900000000037
2.672,2.676609999999999
2.664,2.661349999999995
2.308,2.3103799999999977
2.558,2.5586899999999977
2.482,2.47926
2.516,2.5128299999999983
2.46,2.4638600000000017
2.512,2.5104800000000003
2.515,2.5123599999999966
2.442,2.4430800000000024
2.41,2.4147299999999983
2.455,2.457360000000003
2.523,2.5199999999999987
2.56,2.5618700000000008
2.585,2.5845400000000014
2.451,2.455669999999997
2.528,2.5322699999999987
2.596,2.5939500000000026
2.617,2.6155599999999977
2.494,2.4933099999999997
2.478,2.4754700000000023
2.519,2.5185700000000026
2.385,2.3851699999999973
2.481,2.4810099999999973
2.574,2.5757500000000038
2.564,2.563329999999996
2.473,2.470250000000003
2.522,2.5209099999999984
2.418,2.418490000000003
2.57,2.5737599999999974
2.492,2.4944399999999973
2.472,2.4706800000000024
2.464,2.4643099999999993
2.494,2.4950599999999996
2.455,2.458270000000004
2.566,2.568920000000001
2.46,2.459740000000002
2.659,2.6569599999999984
2.647,2.647539999999998
2.411,2.412400000000001
2.507,2.5071200000000022
2.435,2.4382200000000007
2.467,2.461960000000003
2.7,2.695169999999997
2.469,2.4656699999999976
2.536,2.53712
2.554,2.5504400000000005
2.4,2.403150000000002
2.414,2.4120999999999966
2.379,2.3772099999999976
2.411,2.4133200000000006
2.554,2.5539400000000008
2.705,2.7038300000000026
2.515,2.512279999999996
2.358,2.3608700000000016
2.436,2.4358800000000036
2.454,2.4557400000000014
2.398,2.3968199999999986
2.586,2.5868700000000033
2.581,2.583499999999997
2.384,2.387659999999995
2.573,2.571660000000001
2.653,2.655639999999999
2.69,2.68566
2.41,2.4050799999999986
2.465,2.463280000000002
2.441,2.442290000000001
2.533,2.532119999999996
2.442,2.443020000000003
2.54,2.5402799999999988
2.368,2.365519999999999
2.476,2.477619999999999
2.629,2.632779999999999
2.494,2.4895500000000004
2.514,2.5166100000000036
2.548,2.5510900000000007
2.617,2.615619999999998
2.334,2.331660000000002
2.558,2.5596799999999966
2.473,2.471130000000005
2.517,2.5158099999999983
2.606,2.6089799999999967
2.381,2.3786900000000006
2.399,2.398380000000001
2.306,2.310490000000003
2.445,2.443779999999997
2.633,2.6334200000000028
2.488,2.48609
2.366,2.367570000000005
2.451,2.4472799999999975
2.351,2.349829999999999
2.387,2.389630000000001
2.539,2.5372399999999953
2.383,2.380010000000002
2.611,2.6105899999999975
2.493,2.4898599999999984
2.509,2.5072699999999952
2.472,2.468370000000002
2.577,2.573509999999999
2.578,2.5732299999999997
2.534,2.539959999999999
2.556,2.5578600000000034
2.479,2.4815000000000036
2.554,2.556980000000001
2.466,2.4635900000000017
2.5,2.4992699999999997
2.473,2.476200000000004
2.454,2.4513600000000015
2.431,2.4343100000000026
2.547,2.550669999999999
2.631,2.6359999999999992
2.617,2.619109999999998
2.374,2.3720499999999984
2.629,2.627919999999998
2.468,2.468489999999998
2.56,2.556920000000001
2.409,2.409069999999998
2.514,2.513520000000002
2.531,2.5314300000000025
2.352,2.355360000000002
2.561,2.5588400000000027
2.635,2.632819999999997
2.483,2.484200000000002
2.636,2.6315399999999993
2.481,2.4793899999999978
2.585,2.5851400000000013
2.278,2.2769899999999987
2.65,2.6537300000000017
2.472,2.4698700000000025
2.303,2.307879999999999
2.529,2.5293399999999973
2.356,2.3553999999999977
2.544,2.543580000000003
2.541,2.5373599999999983
2.406,2.4106400000000026
2.612,2.6118999999999977
2.581,2.584089999999997
2.598,2.600520000000005
2.501,2.5024000000000024
2.358,2.3592000000000026
2.598,2.601280000000003
2.473,2.4769800000000033
2.361,2.3588299999999984
2.635,2.6315399999999984
2.71,2.707450000000001
2.496,2.492780000000003
2.716,2.711650000000002
2.509,2.5107599999999954
2.462,2.461699999999998
2.437,2.4350300000000034
2.664,2.668329999999997
2.422,2.4191999999999982
2.574,2.5772800000000036
2.444,2.441389999999996
2.454,2.457590000000002
2.603,2.5990200000000026
2.462,2.4594099999999974
2.46,2.4606600000000025
2.613,2.6102400000000006
2.66,2.653969999999999
2.564,2.561839999999997
2.435,2.4400800000000014
2.449,2.4533200000000024
2.508,2.5058600000000015
2.532,2.5310600000000023
2.401,2.3989100000000017
2.572,2.5733300000000012
2.509,2.508439999999995
2.328,2.3331800000000023
2.407,2.4097300000000015
2.45,2.447929999999997
2.493,2.4934699999999976
2.689,2.6925999999999974
2.524,2.5266900000000003
2.416,2.422079999999999
2.522,2.5202399999999976
2.465,2.4648700000000012
2.532,2.5305200000000028
2.558,2.5591399999999975
2.621,2.623600000000002
2.498,2.5015599999999965
2.664,2.6664199999999965
2.591,2.5878000000000014
2.429,2.432510000000001
2.721,2.7226900000000005
2.533,2.5330699999999977
2.416,2.415359999999998
2.665,2.6589999999999994
2.708,2.7122200000000003
2.497,2.495040000000003
2.45,2.4549799999999977
2.483,2.483260000000002
2.571,2.5785099999999983
2.628,2.6286399999999976
2.557,2.560389999999997
2.51,2.507849999999998
2.65,2.6540300000000006
2.469,2.4667499999999984
2.603,2.607010000000002
2.471,2.469080000000002
2.543,2.5418200000000026
2.489,2.4866200000000016
2.494,2.49449
2.462,2.4640999999999966
2.634,2.636789999999995
2.427,2.424709999999999
2.426,2.4217699999999964
2.712,2.7149299999999967
2.598,2.593960000000004
2.443,2.438420000000002
2.319,2.3186499999999968
2.405,2.40803
2.486,2.4893099999999975
2.386,2.384839999999998
2.506,2.50686
2.337,2.334909999999998
2.508,2.5092400000000024
2.459,2.4613300000000007
2.65,2.644600000000003
2.641,2.6405399999999988
2.579,2.5804900000000015
2.467,2.466600000000004
2.699,2.7012100000000037
2.345,2.3413199999999996
2.36,2.361800000000005
2.492,2.4882299999999984
2.725,2.72509
2.48,2.4777999999999976
2.482,2.4818499999999992
2.356,2.358809999999998
2.595,2.59102
2.595,2.5912900000000003
2.579,2.580660000000002
2.437,2.434840000000004
2.429,2.4329300000000016
2.371,2.3698700000000033
2.508,2.5135500000000026
2.392,2.392319999999997
2.382,2.378370000000002
2.458,2.459769999999999
2.451,2.455349999999997
2.446,2.444089999999998
2.547,2.5453599999999987
2.508,2.508240000000002
2.471,2.4688200000000022
2.518,2.5229500000000002
2.401,2.3972400000000027
2.511,2.511229999999998
2.515,2.513099999999996
2.35,2.3495099999999973
2.6,2.603949999999998
2.412,2.412580000000003
2.509,2.5114099999999957
2.616,2.6183200000000038
2.593,2.5874799999999976
2.503,2.505409999999997
2.464,2.4603999999999986
2.595,2.5922400000000003
2.567,2.5686800000000023
2.438,2.437909999999996
2.421,2.419159999999998
2.293,2.2948400000000033
2.515,2.516249999999996
2.492,2.4982699999999975
2.614,2.6144900000000018
2.536,2.5330900000000005
2.633,2.6336400000000024
2.43,2.432110000000003
2.614,2.6092500000000007
2.447,2.4498200000000017
2.578,2.576620000000001
2.354,2.3594100000000036
2.524,2.5200400000000003
2.302,2.3079399999999994
2.473,2.475350000000004
2.544,2.540630000000003
2.448,2.447230000000001
2.395,2.394790000000002
2.585,2.5848400000000002
2.49,2.487980000000003
2.451,2.4486099999999964
2.504,2.508399999999998
2.615,2.6136800000000027
2.616,2.6121800000000035
2.544,2.5433600000000043
2.517,2.5181199999999975
2.432,2.436359999999997
2.452,2.449359999999999
2.313,2.313989999999997
2.384,2.3870299999999958
2.302,2.3073099999999993
2.496,2.494960000000001
2.582,2.5825699999999974
2.611,2.6133599999999984
2.541,2.5424599999999984
2.404,2.4012099999999976
2.307,2.3121299999999967
2.324,2.3210300000000044
2.373,2.3704199999999975
2.411,2.414090000000001
2.484,2.4845000000000024
2.399,2.3969199999999997
2.534,2.532129999999998
2.477,2.4791100000000026
2.501,2.497260000000003
2.614,2.6096700000000017
2.382,2.3829400000000023
2.542,2.542510000000001
2.499,2.5031999999999983
2.467,2.4691200000000055
2.589,2.5887200000000004
2.588,2.584469999999998
2.405,2.411020000000001
2.482,2.4838299999999993
2.528,2.530049999999997
2.473,2.472420000000003
2.559,2.561039999999999
2.528,2.5304099999999976
2.683,2.680859999999996
2.347,2.3479000000000023
2.488,2.48943
2.409,2.4136499999999987
2.56,2.5605300000000013
2.338,2.3439599999999983
2.535,2.537119999999998
2.437,2.4357600000000024
2.427,2.422709999999999
2.355,2.355239999999997
2.453,2.457150000000002
2.608,2.6086000000000023
2.497,2.496740000000002
2.563,2.5674104999999985
2.666,2.665409999999998
2.526,2.5251700000000024
2.444,2.4469099999999973
2.547,2.5471699999999995
2.446,2.4418499999999996
2.45,2.4461699999999964
2.348,2.348880000000004
2.593,2.588879999999997
2.461,2.4646000000000043
2.518,2.51419
2.396,2.3956399999999958
2.544,2.5417100000000024
2.424,2.421700000000003
2.486,2.4852899999999964
2.588,2.585409999999998
2.579,2.5792000000000015
2.498,2.5035899999999978
2.323,2.319160000000001
2.675,2.678800000000003
2.572,2.5704600000000006
2.425,2.421300000000002
2.489,2.4870800000000015
2.446,2.443509999999999
2.626,2.6243600000000016
2.526,2.5293700000000023
2.422,2.4167799999999975
2.453,2.44889
2.612,2.6096199999999983
2.66,2.6584499999999993
2.653,2.6551699999999996
2.576,2.5798099999999966
2.475,2.4744399999999978
2.53,2.531610000000001
2.5,2.5015300000000003
2.514,2.5147700000000026
2.505,2.5063999999999984
2.367,2.3657599999999976
2.556,2.5570900000000036
2.563,2.561369999999997
2.568,2.564520000000004
2.595,2.5979499999999986
2.56,2.561880000000002
2.459,2.459440000000002
2.493,2.492869999999998
2.509,2.5112399999999946
2.511,2.508919999999998
2.6,2.596489999999999
2.564,2.566149999999997
2.708,2.7120700000000006
2.721,2.7222300000000024
2.508,2.5075700000000025
2.624,2.6192399999999987
2.446,2.4452499999999997
2.42,2.4233199999999964
2.46,2.4598200000000014
2.455,2.4587900000000027
2.561,2.5588000000000033
2.344,2.3420299999999976
2.392,2.390729999999999
2.534,2.539239999999998
2.562,2.5602800000000037
2.564,2.5626699999999976
2.421,2.420479999999998
2.402,2.399839999999996
2.449,2.4477600000000033
2.524,2.5188600000000005
2.649,2.6515000000000013
2.295,2.293339999999997
2.478,2.4825000000000013
2.367,2.3628899999999984
2.335,2.33523
2.597,2.593210000000002
2.554,2.55168
2.545,2.5425499999999968
2.592,2.596370000000004
2.452,2.45843
2.457,2.459719999999996
2.719,2.7165099999999973
2.475,2.4718699999999973
2.574,2.577040000000004
2.501,2.5059700000000023
2.315,2.3210799999999994
2.296,2.297669999999999
2.442,2.4387300000000045
2.606,2.6084299999999985
2.579,2.5811200000000025
2.591,2.587510000000001
2.401,2.3963300000000025
2.662,2.657180000000002
2.404,2.4043699999999975
2.521,2.5179999999999962
2.499,2.503509999999998
2.483,2.4843200000000025
2.634,2.633289999999996
2.429,2.42897
2.365,2.3675600000000023
2.502,2.4988200000000025
2.46,2.4559400000000013
2.568,2.568650000000003
2.459,2.460060000000001
2.394,2.3981500000000016
2.312,2.315050000000004
2.397,2.3947799999999986
2.511,2.511559999999998
2.643,2.6406199999999997
2.612,2.6082399999999986
2.523,2.525209999999998
2.468,2.4729799999999975
2.527,2.5230699999999957
2.448,2.4455400000000003
2.672,2.6735499999999996
2.481,2.4865499999999985
2.491,2.489590000000004
2.278,2.2764299999999977
2.48,2.481409999999998
2.584,2.580120000000002
2.393,2.392539999999999
2.425,2.4285900000000016
2.579,2.5815400000000017
2.352,2.350840000000002
2.606,2.605139999999999
2.447,2.446170000000001
2.461,2.459700000000003
2.388,2.385880000000001
2.538,2.538380000000001
2.578,2.5810200000000014
2.414,2.4123799999999957
2.614,2.6119800000000026
2.468,2.465019999999998
2.637,2.633700000000001
2.581,2.5846299999999967
2.4,2.403430000000001
2.594,2.5956599999999965
2.515,2.5127599999999948
2.398,2.402819999999998
2.437,2.4381000000000035
2.309,2.311839999999998
2.491,2.4903700000000044
2.721,2.7220900000000023
2.58,2.5785200000000033
2.719,2.716719999999997
2.588,2.587779999999997
2.603,2.6037700000000026
2.697,2.6977800000000007
2.538,2.535610000000003
2.481,2.4854599999999976
2.603,2.6015800000000024
2.645,2.6389600000000017
2.452,2.455309999999999
2.428,2.433849999999998
2.514,2.512560000000002
2.583,2.5856699999999986
2.58,2.577130000000005
2.358,2.3540700000000023
2.691,2.68976
2.436,2.438000000000003
2.473,2.4768600000000034
2.41,2.4106599999999987
2.524,2.5210600000000007
2.415,2.41465
2.586,2.586190000000004
2.577,2.577499999999999
2.481,2.4832099999999975
2.584,2.586930000000002
2.417,2.419440000000001
2.451,2.4547399999999966
2.299,2.2966200000000025
2.368,2.3659799999999986
2.681,2.6780300000000024
2.664,2.6620999999999952
2.507,2.5051500000000027
2.666,2.6704999999999988
2.484,2.4860200000000026
2.476,2.4744199999999994
2.506,2.510399999999999
2.488,2.49026
2.478,2.4825700000000026
2.614,2.6165000000000003
2.515,2.508009999999995
2.571,2.5733099999999998
2.603,2.602280000000003
2.539,2.5377299999999967
2.403,2.407769999999998
2.365,2.3634000000000013
2.515,2.5113199999999956
2.483,2.4792700000000014
2.509,2.506219999999995
2.498,2.4946433333333315
2.367,2.366439999999999
2.301,2.303429999999997
2.533,2.5327699999999957
2.462,2.4630699999999974
2.532,2.5360000000000014
2.558,2.5584699999999967
2.628,2.6302599999999967
2.349,2.352209999999998
2.444,2.4390799999999984
2.543,2.5409100000000033
2.577,2.5794200000000003
2.719,2.716029999999996
2.596,2.5936700000000026
2.494,2.4897899999999993
2.411,2.4122500000000007
2.444,2.446589999999996
2.441,2.441430000000002
2.566,2.5637100000000017
2.526,2.5293800000000033
2.368,2.368399999999998
2.456,2.4595099999999963
2.588,2.5818699999999986
2.535,2.5356399999999977
2.557,2.5561399999999965
2.538,2.5396100000000024
2.663,2.658640000000003
2.524,2.521480000000001
2.461,2.4613400000000043
2.408,2.4045299999999954
2.525,2.5212300000000014
2.482,2.4822299999999995
2.479,2.480560000000005
2.364,2.364500000000001
2.407,2.410010000000001
2.581,2.5812999999999975
2.523,2.5282099999999987
2.51,2.5085199999999968
2.531,2.5349800000000022
2.509,2.5102099999999963
2.624,2.625189999999998
2.512,2.5155000000000003
2.354,2.352200000000004
2.663,2.6585600000000027
2.537,2.531920000000002
2.441,2.441100000000002
2.375,2.3725099999999997
2.54,2.537619999999998
2.488,2.48565
2.657,2.6576600000000026
2.465,2.4658600000000015
2.416,2.4149899999999977
2.59,2.585380000000001
2.593,2.589219999999998
2.517,2.5158799999999983
2.568,2.5638700000000023
2.496,2.4932300000000023
2.523,2.518349999999998
2.616,2.614970000000004
2.563,2.5596099999999957
2.483,2.4840700000000018
2.635,2.633919999999997
2.705,2.700530000000003
2.329,2.3283400000000016
2.437,2.437340000000003
2.496,2.491360000000003
2.485,2.486650000000005
2.601,2.6024799999999986
2.394,2.3942900000000025
2.526,2.529580000000002
2.442,2.445160000000003
2.53,2.529330000000001
2.494,2.4888199999999996
2.509,2.5086299999999953
2.445,2.4481599999999966
2.449,2.4468100000000033
2.529,2.5309999999999975
2.594,2.5991199999999974
2.44,2.4395899999999986
2.413,2.414340000000001
2.561,2.563650000000003
2.497,2.4945000000000026
2.583,2.5833499999999985
2.409,2.407189999999998
2.322,2.3205300000000015
2.447,2.451940000000002
2.423,2.4215700000000013
2.492,2.494349999999998
2.436,2.4359900000000025
2.574,2.5706900000000035
2.471,2.4678500000000003
2.515,2.515719999999995
2.516,2.516099999999998
2.519,2.5147200000000023
2.498,2.497169999999997
2.551,2.548699999999996
2.42,2.417949999999997
2.64,2.6369299999999947
2.476,2.4728299999999996
2.369,2.366450000000001
2.519,2.515940000000003
2.415,2.413279999999998
2.567,2.565804000000004
2.721,2.7211100000000017
2.421,2.419589999999998
2.533,2.5312099999999957
2.324,2.322770000000003
2.545,2.5416699999999963
2.411,2.41033
2.438,2.4373599999999978
2.39,2.3933199999999952
2.573,2.5686400000000016
2.601,2.6014000000000004
2.502,2.506400000000001
2.414,2.4150699999999956
2.659,2.656049999999998
2.425,2.4246500000000037
2.284,2.2878699999999985
2.546,2.547749999999999
2.39,2.390339999999996
2.599,2.6026899999999977
2.462,2.4615199999999966
2.56,2.5630800000000007
2.64,2.6435699999999955
2.379,2.3750399999999976
2.443,2.4427800000000026
2.492,2.4925199999999967
2.654,2.6553699999999987
2.434,2.4370299999999987
2.441,2.4414500000000015
2.548,2.5496000000000008
2.442,2.440070000000004
2.515,2.5130399999999953
2.345,2.347349999999999
2.721,2.7215500000000024
2.365,2.3639800000000033
2.468,2.468839999999998
2.497,2.4921200000000012
2.691,2.6898
2.368,2.3730099999999976
2.698,2.700090000000001
2.576,2.5782799999999964
2.542,2.54108
2.402,2.4015699999999973
2.557,2.558619999999996
2.428,2.425739999999999
2.627,2.6296600000000017
2.403,2.408709999999999
2.489,2.4899800000000023
2.444,2.4403899999999976
2.401,2.4023100000000017
2.574,2.572410000000003
2.554,2.5525900000000004
2.621,2.6180700000000026
2.322,2.321350000000003
2.606,2.6087399999999974
2.455,2.4541900000000045
2.69,2.685569999999999
2.474,2.4725299999999972
2.363,2.3627400000000005
2.469,2.468389999999998
2.605,2.603459999999997
2.416,2.4136499999999983
2.44,2.4369299999999985
2.559,2.5582699999999994
2.5,2.5032900000000002
2.558,2.5598399999999972
2.524,2.5277600000000002
2.548,2.5487500000000014
2.457,2.4594899999999966
2.523,2.527419999999999
2.407,2.4097099999999996
2.629,2.6339699999999984
2.437,2.4358300000000033
2.613,2.6091999999999995
2.477,2.477450000000002
2.52,2.5233700000000026
2.451,2.455189999999997
2.398,2.3937499999999976
2.326,2.3230099999999982
2.394,2.392350000000001
2.468,2.464879999999998
2.521,2.523939999999998
2.601,2.6029400000000003
2.455,2.4565800000000033
2.412,2.4168000000000025
2.356,2.3594099999999973
2.548,2.551930000000001
2.638,2.6390100000000025
2.627,2.626430000000002
2.571,2.5699499999999995
2.564,2.561929999999998
2.67,2.6719499999999967
2.533,2.5350999999999964
2.565,2.56333
2.468,2.468589999999998
2.364,2.362100000000002
2.432,2.4340499999999974
2.499,2.4964599999999977
2.506,2.5056
2.693,2.694780000000003
2.508,2.510980000000002
2.618,2.6195699999999977
2.456,2.458479999999997
2.469,2.4666999999999972
2.367,2.3641299999999976
2.426,2.4303599999999985
2.553,2.555439999999998
2.501,2.5059500000000003
2.594,2.5913199999999965
2.518,2.5137100000000006
2.465,2.463070000000003
2.715,2.711260000000001
2.491,2.490490000000004
2.616,2.6168800000000045
2.46,2.463690000000001
2.571,2.5675599999999985
2.593,2.5910199999999968
2.521,2.517269999999995
2.265,2.269139999999995
2.502,2.504860000000002
2.623,2.6282499999999978
2.553,2.5494899999999987
2.545,2.541699999999997
2.328,2.3254700000000015
2.428,2.4332299999999982
2.541,2.5378999999999987
2.541,2.5404599999999977
2.621,2.620940000000002
2.486,2.485589999999997
2.541,2.5436399999999986
2.502,2.496890000000001
2.401,2.4056200000000025
2.274,2.27328
2.543,2.5399200000000026
2.517,2.5143899999999975
2.438,2.438619999999997
2.338,2.3400699999999968
2.563,2.562409999999997
2.473,2.470270000000004
2.556,2.559130000000003
2.686,2.6861000000000024
2.286,2.2811100000000004
2.43,2.435040000000003
2.479,2.480340000000004
2.645,2.6448100000000028
2.336,2.3383600000000033
2.694,2.6981299999999977
2.514,2.515250000000003
2.49,2.4833300000000027
2.48,2.484159999999997
2.456,2.4581899999999965
2.605,2.6023099999999966
2.393,2.3896700000000006
2.535,2.534049999999998
2.462,2.4650699999999968
2.424,2.426940000000003
2.542,2.545720000000001
2.561,2.5602200000000046
2.614,2.6136600000000016
2.358,2.3593600000000023
2.675,2.6701700000000033
2.423,2.4231100000000008
2.454,2.4528000000000008
2.558,2.5567599999999966
2.522,2.5226999999999973
2.483,2.483940000000001
2.499,2.502409999999997
2.402,2.4071899999999955
2.35,2.344739999999997
2.573,2.571190000000001
2.569,2.5680599999999965
2.658,2.6604299999999985
2.421,2.4254399999999987
2.569,2.565199999999998
2.472,2.472410000000002
2.619,2.6170399999999994
2.602,2.6024200000000013
2.521,2.5209199999999963
2.466,2.4634000000000014
2.596,2.5954900000000007
2.565,2.564359999999999
2.432,2.4356999999999958
2.367,2.3688099999999976
2.471,2.47201
2.652,2.6550599999999944
2.615,2.6119500000000033
2.389,2.3910000000000013
2.383,2.386370000000001
2.627,2.629260000000002
2.386,2.387239999999998
2.551,2.5524199999999966
2.438,2.439199999999997
2.662,2.6600200000000025
2.423,2.4245700000000006
2.614,2.612180000000003
2.518,2.51603
2.525,2.5263500000000025
2.303,2.301569999999999
2.28,2.2838200000000013
2.478,2.4811700000000014
2.525,2.520980000000003
2.387,2.3870799999999996
2.391,2.3946099999999975
2.556,2.557110000000003
2.556,2.558320000000004
2.486,2.487799999999998
2.578,2.5808000000000018
2.383,2.3874900000000023
2.464,2.459639999999999
2.665,2.662599999999999
2.507,2.5099600000000013
2.513,2.5132600000000025
2.731,2.730109999999998
2.36,2.357730000000004
2.58,2.5803900000000044
2.666,2.669579999999998
2.468,2.468819999999997
2.586,2.5824100000000034
2.402,2.397799999999997
2.431,2.4333700000000045
2.538,2.5392100000000024
2.58,2.5834200000000043
2.612,2.6158199999999976
2.657,2.6548600000000016
2.493,2.492739999999998
2.619,2.61925
2.466,2.4664700000000015
2.59,2.5876800000000006
2.521,2.522729999999996
2.545,2.5444799999999956
2.542,2.538300000000001
2.34,2.3421300000000014
2.388,2.3880200000000005
2.51,2.5084399999999976
2.331,2.3347999999999978
2.583,2.583749999999999
2.587,2.585449999999998
2.533,2.532429999999996
2.388,2.3872500000000016
2.638,2.636260000000002
2.704,2.704600000000002
2.515,2.5148299999999946
2.551,2.5522099999999956
2.52,2.5202200000000023
2.553,2.555029999999999
2.488,2.482719999999999
2.497,2.4925300000000035
2.591,2.5865400000000016
2.36,2.3676400000000037
2.49,2.4894725000000024
2.382,2.3844300000000023
2.659,2.657919999999998
2.441,2.4403400000000017
2.356,2.3532399999999973
2.564,2.558439999999998
2.674,2.674340000000002
2.566,2.567020000000001
2.52,2.5159400000000014
2.541,2.5406599999999973
2.641,2.642609999999998
2.413,2.4139100000000027
2.489,2.4873100000000012
2.455,2.4597000000000033
2.383,2.3816600000000014
2.467,2.4684300000000032
2.611,2.6075099999999973
2.557,2.5603499999999975
2.564,2.563339999999997
2.515,2.5152899999999963
2.552,2.5535199999999985
2.42,2.420099999999998
2.469,2.4700299999999973
2.519,2.519410000000003
2.528,2.5327299999999973
2.532,2.5351100000000013
2.486,2.484389999999998
2.462,2.461149999999997
2.591,2.5885100000000008
2.541,2.538329999999998
2.477,2.479430000000002
2.455,2.451240000000004
2.487,2.4901099999999987
2.529,2.524619999999997
2.312,2.3168200000000034
2.343,2.3476299999999988
2.436,2.4328500000000037
2.521,2.5188399999999964
2.476,2.4751900000000004
2.648,2.6501499999999987
2.352,2.3465900000000013
2.425,2.4203100000000033
2.652,2.6546099999999955
2.513,2.515170000000002
2.588,2.586629999999998
2.705,2.7030600000000025
2.431,2.4342300000000026
2.49,2.4949100000000017
2.473,2.4708500000000044
2.305,2.3022800000000037
2.469,2.4656999999999973
2.588,2.5871399999999976
2.554,2.5555600000000007
2.562,2.5568800000000023
2.462,2.4631399999999974
2.434,2.428529999999999
2.627,2.6261700000000032
2.45,2.4475599999999975
2.529,2.5319699999999976
2.516,2.515559999999997
2.646,2.6397699999999964
2.597,2.5930600000000026
2.37,2.371310000000003
2.381,2.38397
2.558,2.5577299999999963
2.494,2.49385
2.454,2.4563700000000006
2.602,2.603990000000002
2.519,2.5168500000000025
2.505,2.5059599999999977
2.578,2.5796500000000004
2.462,2.462819999999998
2.657,2.6560600000000028
2.421,2.4187199999999986
2.566,2.568920000000001
2.643,2.6381699999999997
2.362,2.3584499999999977
2.466,2.462360000000001
2.614,2.6137100000000015
2.616,2.6154000000000046
2.483,2.4848800000000018
2.427,2.4213500000000003
2.596,2.5989800000000014
2.618,2.615099999999998
2.384,2.379349999999996
2.38,2.383289999999997
2.523,2.526659999999999
2.563,2.562449999999996
2.47,2.46765
2.568,2.5694000000000035
2.429,2.4248600000000007
2.289,2.2922799999999968
2.458,2.4563099999999984
2.506,2.5080900000000006
2.472,2.4758300000000024
2.384,2.387989999999996
2.318,2.317000000000003
2.449,2.448080000000004
2.59,2.5882400000000008
2.626,2.6246100000000037
2.619,2.615000000000001
2.418,2.4156300000000024
2.385,2.384909999999997
2.55,2.5499400000000034
2.564,2.565259999999997
2.54,2.538539999999999
2.299,2.295000000000003
2.413,2.4127800000000033
2.497,2.493990000000003
2.549,2.5458400000000037
2.577,2.5810400000000002
2.514,2.513460000000001
2.533,2.528759999999996
2.508,2.5077100000000034
2.569,2.5718199999999967
2.531,2.5307700000000026
2.507,2.5079800000000017
2.473,2.4715500000000032
2.508,2.5081600000000024
2.548,2.5512800000000007
2.527,2.5272699999999952
2.538,2.5379300000000025
2.634,2.6334799999999956
2.527,2.530779999999996
2.435,2.435340000000002
2.588,2.587439999999998
2.363,2.3625
2.392,2.3926599999999993
2.534,2.5378399999999983
2.552,2.556109999999998
2.375,2.3724
2.462,2.460419999999998
2.439,2.441789999999997
2.451,2.450859999999997
2.594,2.5905099999999974
2.571,2.5668200000000003
2.498,2.4960499999999977
2.445,2.4448599999999967
2.365,2.364110000000003
2.642,2.6371399999999987
2.559,2.559019999999998
2.429,2.4341800000000013
2.572,2.568410000000002
2.493,2.4915799999999972
2.471,2.4692100000000026
2.544,2.546540000000003
2.426,2.4229599999999967
2.466,2.4653900000000015
2.512,2.51551
2.45,2.4546199999999967
2.567,2.5697200000000033
2.687,2.6839600000000026
2.425,2.4230200000000037
2.333,2.3345899999999995
2.3,2.299990000000003
2.485,2.485080000000005
2.434,2.4353899999999977
2.521,2.5166999999999957
2.513,2.507580000000002
2.34,2.340480000000002
2.319,2.321239999999999
2.53,2.528270000000001
2.514,2.514400000000003
2.457,2.4557599999999993
2.334,2.327590000000001
2.547,2.5449799999999976
2.627,2.6303600000000023
2.528,2.5291299999999977
2.415,2.4152799999999983
2.504,2.5059999999999976
2.363,2.3666700000000005
2.606,2.6058499999999976
2.508,2.511450000000002
2.323,2.322940000000001
2.47,2.472319999999999
2.546,2.543079999999998
2.467,2.4634600000000035
2.472,2.471760000000002
2.378,2.3821499999999967
2.557,2.5585799999999956
2.435,2.4371200000000015
2.284,2.2897599999999985
2.463,2.461589999999996
2.598,2.6027100000000045
2.461,2.463460000000003
2.674,2.6774800000000023
2.543,2.5452300000000023
2.534,2.5347799999999987
2.487,2.487879999999997
2.493,2.491489999999998
2.474,2.4713999999999987
2.47,2.4734099999999994
2.553,2.555689999999998
2.406,2.410880000000003
2.392,2.391179999999997
2.388,2.388180000000001
2.705,2.7024600000000034
2.553,2.5569099999999993
2.53,2.5296000000000003
2.394,2.395170000000002
2.562,2.560480000000004
2.488,2.48955
2.521,2.5185899999999948
2.402,2.398799999999997
2.516,2.515609999999998
2.458,2.4603599999999988
2.423,2.4212200000000013
2.573,2.5754900000000003
2.346,2.345480000000002
2.556,2.5561200000000035
2.568,2.567420000000003
2.412,2.4170700000000007
2.418,2.4174500000000028
2.478,2.4822200000000025
2.528,2.531589999999998
2.485,2.4899400000000043
2.543,2.547230000000003
2.676,2.672649999999998
2.449,2.447160000000004
2.328,2.332310000000001
2.583,2.5795399999999997
2.668,2.664320000000002
2.539,2.5345399999999962
2.391,2.3955799999999976
2.488,2.4880300000000006
2.388,2.3872700000000022
2.564,2.5597699999999963
2.365,2.366790000000003
2.47,2.47284
2.4,2.4031300000000018
2.513,2.509790000000003
2.463,2.4648399999999966
2.518,2.5157699999999994
2.502,2.503540000000002
2.401,2.399030000000003
2.563,2.5663299999999962
2.495,2.4937600000000013
2.401,2.4046400000000023
2.724,2.721229999999997
2.548,2.5511600000000003
2.485,2.4841700000000047
2.642,2.6404899999999984
2.684,2.683979999999999
2.485,2.483120000000004
2.535,2.532709999999998
2.401,2.4025500000000006
2.485,2.4902900000000043
2.48,2.4826799999999993
2.518,2.5172499999999998
2.533,2.5306099999999954
2.556,2.556480000000004
2.524,2.5265700000000013
2.379,2.3727099999999988
2.406,2.407000000000003
2.445,2.4422999999999973
2.472,2.4725700000000015
2.605,2.6060499999999984
2.384,2.379839999999997
2.464,2.464759999999999
2.595,2.59719
2.47,2.4727800000000006
2.546,2.546719999999999
2.486,2.4879399999999974
2.526,2.5309200000000014
2.477,2.473180000000002
2.567,2.5681700000000034
2.345,2.3458599999999996
2.464,2.463709999999999
2.53,2.5318499999999995
2.553,2.549989999999999
2.649,2.6502
2.461,2.4609400000000035
2.648,2.6532099999999996
2.434,2.4319199999999985
2.633,2.635970000000002
2.582,2.581279999999998
2.409,2.413769999999998
2.531,2.5334800000000035
2.495,2.495860000000002
2.563,2.5603199999999964
2.478,2.4742400000000027
2.469,2.4692399999999988
2.637,2.6404899999999993
2.49,2.4894300000000023
2.583,2.5808599999999995
2.477,2.4816800000000026
2.667,2.6645600000000003
2.432,2.4345299999999965
2.439,2.437939999999997
2.652,2.651899999999996
2.456,2.4588499999999973
2.66,2.6600499999999987
2.589,2.58846
2.485,2.485460000000004
2.319,2.321659999999998
2.498,2.494459999999999
2.51,2.5144299999999973
2.617,2.6191999999999984
2.659,2.659939999999998
2.432,2.4371199999999975
2.58,2.5748700000000024
2.577,2.574679999999999
2.607,2.604050000000001
2.55,2.5446900000000037
2.306,2.3025700000000033
2.484,2.486030000000002
2.384,2.3804299999999965
2.48,2.478369999999997
2.598,2.5991300000000037
2.531,2.533330000000002
2.615,2.6143800000000024
2.534,2.5315799999999986
2.37,2.3712200000000023
2.515,2.5155899999999947
2.479,2.4821000000000044
2.402,2.4007799999999966
2.33,2.3267200000000035
2.427,2.4305499999999984
2.481,2.481269999999997
2.567,2.564750000000004
2.519,2.5132400000000015
2.661,2.657960000000001
2.396,2.3939899999999956
2.588,2.5885699999999967
2.505,2.501129999999998
2.569,2.565249999999997
2.456,2.4601499999999974
2.607,2.6011200000000003
2.53,2.532660000000001
2.432,2.426899999999997
2.499,2.4972299999999974
2.476,2.4746599999999996
2.549,2.546130000000004
2.382,2.387290000000002
2.497,2.500990000000003
2.54,2.5401399999999987
2.503,2.5040699999999965
2.635,2.634859999999997
2.577,2.5802799999999984
2.499,2.496319999999998
2.522,2.519969999999997
2.53,2.533040000000001
2.54,2.5368499999999994
2.317,2.3170700000000037
2.47,2.4710499999999995
2.352,2.3510600000000017
2.628,2.6320799999999975
2.494,2.4897800000000005
2.481,2.481249999999997
2.59,2.5880000000000005
2.542,2.536880000000001
2.387,2.3899700000000004
2.493,2.494059999999998
2.466,2.464040000000002
2.326,2.3238699999999963
2.431,2.431760000000003
2.482,2.4852900000000004
2.489,2.489390000000003
2.352,2.350590000000002
2.615,2.611580000000003
2.49,2.4911800000000026
2.504,2.5074099999999975
2.54,2.5391499999999976
2.421,2.41974
2.546,2.547159999999999
2.463,2.4627499999999967
2.41,2.409549999999998
2.557,2.5534499999999967
2.649,2.643920000000001
2.572,2.5707800000000014
2.592,2.5979200000000042
2.448,2.442570000000001
2.34,2.339800000000002
2.649,2.6512300000000004
2.705,2.6998800000000016
2.654,2.6558499999999987
2.466,2.4671000000000016
2.385,2.3835999999999977
2.393,2.3945500000000006
2.332,2.330429999999997
2.489,2.493260000000002
2.661,2.665260000000001
2.486,2.4854499999999966
2.53,2.52606
2.638,2.637220000000001
2.46,2.462640000000001
2.704,2.704890000000002
2.699,2.6991800000000037
2.487,2.4898199999999977
2.442,2.4415800000000023
2.57,2.5703199999999966
2.465,2.464680000000003
2.384,2.3861899999999965
2.628,2.630519999999996
2.622,2.624060000000004
2.516,2.5156999999999976
2.374,2.3729499999999972
2.377,2.379200000000001
2.511,2.5142799999999976
2.45,2.4454299999999964
2.466,2.4657900000000024
2.602,2.603520000000002
2.573,2.5756100000000015
2.638,2.6353800000000014
2.401,2.3983800000000013
2.466,2.4656700000000007
2.576,2.573239999999997
2.545,2.5430699999999957
2.653,2.653789999999999
2.542,2.54084
2.685,2.6872600000000024
2.554,2.558170000000001
2.606,2.606949999999997
2.468,2.465699999999997
2.501,2.5007800000000016
2.591,2.589420000000002
2.661,2.6593900000000015
2.573,2.576960000000001
2.492,2.487669999999999
2.638,2.6382700000000012
2.281,2.278400000000003
2.358,2.357800000000002
2.568,2.5635100000000026
2.501,2.5045100000000016
2.561,2.5622000000000016
2.506,2.50568
2.557,2.557009999999996
2.419,2.419210000000003
2.557,2.556839999999997
2.599,2.600869999999998
2.622,2.624830000000004
2.701,2.7038199999999972
2.524,2.520170000000001
2.527,2.5314899999999962
2.348,2.347810000000004
2.447,2.450690000000001
2.481,2.4829299999999983
2.605,2.6056799999999978
2.439,2.437709999999997
2.58,2.5779600000000045
2.5,2.500419999999999
2.482,2.4874199999999997
2.525,2.519440000000002
2.461,2.462860000000004
2.457,2.458369999999998
2.33,2.3285800000000036
2.475,2.479049999999997
2.452,2.445929999999999
2.448,2.4455400000000016
2.542,2.538250000000001
2.566,2.565260000000001
2.523,2.525359999999998
2.6,2.600709999999998
2.558,2.5611699999999966
2.47,2.472940000000001
2.454,2.4577000000000013
2.531,2.5336900000000018
2.557,2.559159999999996
2.64,2.6382999999999948
2.619,2.6166100000000005
2.446,2.4464099999999984
2.49,2.490860000000003
2.567,2.562680000000003
2.607,2.6061600000000014
2.594,2.5901799999999975
2.494,2.4919499999999997
2.375,2.3710600000000004
2.4,2.3963300000000025
2.527,2.5321899999999964
2.534,2.5356799999999984
2.39,2.3930499999999952
2.504,2.5053899999999976
2.563,2.565629999999996
2.385,2.3844599999999976
2.61,2.6093000000000046
2.462,2.4622499999999974
2.626,2.6263400000000012
2.447,2.443180000000001
2.397,2.394979999999999
2.454,2.4571500000000004
2.49,2.488460000000002
2.461,2.4584500000000022
2.478,2.480800000000002
2.533,2.535439999999996
2.483,2.4832400000000012
2.493,2.4933999999999976
2.329,2.328990000000003
2.539,2.536269999999995
2.491,2.4896500000000046
2.661,2.661960000000001
2.406,2.4009400000000034
2.319,2.3177699999999968
2.562,2.5579100000000023
2.535,2.537369999999999
2.399,2.397719999999999
2.347,2.346550000000002
2.654,2.656529999999998
2.641,2.6424099999999977
2.454,2.4570900000000013
2.666,2.6631299999999976
2.452,2.44809
2.451,2.447589999999997
2.472,2.4697000000000013
2.388,2.3906000000000027
2.33,2.3243400000000043
2.605,2.6068099999999976
2.316,2.3160500000000006
2.525,2.5265100000000023
2.589,2.588259999999999
2.355,2.3510999999999966
2.408,2.4091599999999964
2.621,2.623510000000002
2.553,2.5528999999999993
2.438,2.4366199999999965
2.62,2.6228400000000023
2.621,2.623920000000001
2.527,2.528919999999996
2.41,2.4111299999999987
2.459,2.457820000000002
2.529,2.5292999999999974
2.481,2.4831399999999992
2.594,2.591259999999998
2.347,2.3457500000000016
2.351,2.3480999999999996
2.518,2.5155199999999995
2.451,2.448919999999997
2.437,2.440030000000003
2.323,2.3208400000000013
2.502,2.5005200000000025
2.495,2.4913500000000015
2.565,2.562239999999999
2.507,2.5104500000000027
2.487,2.4860899999999977
2.618,2.6196099999999984
2.369,2.3680000000000008
2.554,2.556090000000001
2.333,2.3346999999999984
2.416,2.4171899999999975
2.379,2.3746899999999993
2.578,2.577140000000002
2.493,2.487989999999997
2.499,2.503159999999998
2.389,2.3865400000000028
2.47,2.4689699999999997
2.424,2.4222200000000034
2.538,2.5400900000000037
2.401,2.3976500000000023
2.633,2.6325400000000014
2.332,2.3281499999999973
2.419,2.4229300000000027
2.668,2.6651700000000034
2.456,2.4584299999999977
2.369,2.37246
2.522,2.5187899999999983
2.452,2.4499499999999985
2.416,2.4160399999999975
2.39,2.3924099999999964
2.475,2.479279999999997
2.307,2.3121199999999984
2.649,2.6543800000000006
2.561,2.557630000000003
2.423,2.420760000000001
2.407,2.4116300000000015
2.567,2.563400000000004
2.475,2.4717299999999973
2.307,2.308799999999997
2.679,2.6785100000000015
2.457,2.4572999999999974
2.65,2.654230000000001
2.628,2.6295299999999964
2.4,2.3968000000000016
2.603,2.6004300000000016
2.435,2.4351500000000006
2.313,2.3146499999999968
2.458,2.452489999999999
2.54,2.5387199999999983
2.454,2.4567100000000024
2.469,2.4685299999999972
2.614,2.6091300000000013
2.511,2.513329999999998
2.416,2.416769999999998
2.57,2.571399999999997
2.52,2.5196000000000023
2.543,2.541870000000003
2.539,2.5350899999999963
2.502,2.4978100000000025
2.589,2.590389999999999
2.433,2.4351999999999965
2.534,2.532649999999998
2.343,2.345219999999997
2.541,2.5416299999999983
2.695,2.6979099999999985
2.401,2.399370000000003
2.424,2.427360000000003
2.429,2.4250500000000006
2.513,2.514400000000002
2.394,2.3949200000000035
2.542,2.5382800000000008
2.585,2.5821500000000013
2.553,2.556239999999998
2.323,2.3231500000000014
2.6,2.600729999999998
2.594,2.5912399999999978
2.583,2.579929999999999
2.537,2.539260000000002
2.522,2.5254099999999986
2.603,2.603310000000002
2.692,2.6892800000000032
2.405,2.40253
2.608,2.6095900000000025
2.491,2.4928100000000044
2.487,2.4863699999999973
2.346,2.347930000000002
2.472,2.476030000000001
2.4,2.397480000000002
2.454,2.4573200000000024
2.39,2.390289999999996
2.455,2.459020000000003
2.459,2.4605600000000014
2.51,2.5108499999999974
2.339,2.3408800000000003
2.355,2.3544199999999975
2.536,2.5360400000000007
2.42,2.419609999999996
2.607,2.6070399999999996
2.523,2.5179099999999988
2.561,2.558110000000002
2.641,2.638079999999998
2.469,2.467289999999997
2.443,2.4460300000000026
2.587,2.5848699999999973
2.551,2.553789999999997
2.481,2.478069999999997
2.639,2.6376000000000026
2.479,2.475380000000004
2.503,2.506769999999998
2.502,2.505840000000002
2.407,2.411720000000003
2.508,2.5123300000000035
2.64,2.6401399999999957
2.544,2.5422100000000025
2.503,2.5054899999999973
2.484,2.4896900000000026
2.533,2.532019999999996
2.575,2.5786799999999968
2.561,2.560640000000004
2.467,2.4628400000000044
2.532,2.530890000000002
2.548,2.5510200000000007
2.399,2.39688
2.517,2.511949999999997
2.284,2.2869699999999993
2.548,2.5501200000000006
2.566,2.5657000000000014
2.575,2.579389999999997
2.46,2.461610000000002
2.531,2.532420000000003
2.642,2.6370299999999993
2.641,2.644189999999999
2.497,2.4938500000000032
2.514,2.5108300000000026
2.611,2.610749999999998
2.35,2.3469099999999976
2.468,2.470079999999997
2.634,2.6340399999999953
2.598,2.602050000000005
2.537,2.5354400000000026
2.349,2.354199999999999
2.495,2.4935800000000032
2.441,2.4421500000000016
2.533,2.5339199999999944
2.419,2.4185300000000027
2.397,2.3940799999999984
2.294,2.294820000000001
2.622,2.625880000000003
2.46,2.4599700000000024
2.516,2.513839999999997
2.5,2.49601
2.393,2.3945600000000002
2.374,2.3726999999999987
2.399,2.4032899999999997
2.428,2.433399999999999
2.537,2.5384600000000024
2.42,2.4184699999999983
2.675,2.6701000000000032
2.603,2.604870000000002
2.581,2.583459999999997
2.488,2.4893899999999998
2.651,2.6522300000000008
2.478,2.4809600000000027
2.497,2.4954200000000015
2.517,2.518129999999998
2.57,2.5718899999999976
2.564,2.562499999999996
2.452,2.4490699999999994
2.447,2.4446600000000016
2.564,2.564229999999997
2.572,2.57689
2.461,2.462850000000005
2.341,2.341790000000002
2.479,2.4813600000000036
2.562,2.5614600000000034
2.681,2.679180000000003
2.38,2.383779999999999
2.457,2.4602499999999976
2.461,2.4633300000000036
2.636,2.63222
2.497,2.500050000000002
2.409,2.4090599999999984
2.556,2.5594300000000043
2.46,2.459730000000001
2.378,2.3773599999999973
2.411,2.415080000000002
2.673,2.672740000000001
2.538,2.5368800000000022
2.511,2.5141099999999974
2.475,2.476549999999998
2.529,2.528399999999998
2.528,2.5284999999999984
2.529,2.531839999999998
2.511,2.510969999999999
2.587,2.5864399999999974
2.502,2.506790000000001
2.402,2.3981899999999983
2.439,2.440599999999998
2.302,2.3018699999999988
2.703,2.702610000000001
2.586,2.5900100000000044
2.417,2.4168700000000007
2.472,2.4711300000000014
2.436,2.4345400000000015
2.654,2.6543099999999975
2.358,2.359510000000001
2.511,2.513869999999998
2.489,2.487830000000001
2.583,2.5814899999999996
2.49,2.4915000000000034
2.324,2.3249500000000034
2.475,2.4759599999999975
2.403,2.405739999999998
2.508,2.510690000000003
2.643,2.642
2.326,2.321529999999996
2.42,2.4168399999999957
2.445,2.4422999999999973
2.462,2.4633999999999974
2.574,2.573040000000004
2.483,2.4793400000000023
2.542,2.5432300000000008
2.437,2.4356600000000026
2.523,2.522359999999998
2.578,2.576460000000001
2.427,2.4319199999999985
2.578,2.5810000000000013
2.505,2.501739999999997
2.605,2.604679999999999
2.48,2.482329999999997
2.538,2.5350100000000038
2.496,2.4992200000000024
2.49,2.4923500000000023
2.526,2.5301800000000036
2.554,2.5527400000000013
2.375,2.37821
2.643,2.6385499999999995
2.314,2.314429999999997
2.432,2.432349999999995
2.491,2.489260000000004
2.541,2.538069999999999
2.658,2.663809999999998
2.314,2.3159699999999965
2.449,2.4435900000000017
2.287,2.2895200000000036
2.503,2.506339999999998
2.527,2.5303899999999957
2.659,2.6562099999999975
2.512,2.5119299999999996
2.604,2.606630000000004
2.558,2.562159999999996
2.456,2.457229999999999
2.359,2.3611200000000014
2.528,2.524619999999998
2.351,2.3486799999999985
2.63,2.6301199999999976
2.484,2.4793700000000016
2.62,2.6162800000000015
2.452,2.4557599999999993
2.527,2.5295499999999955
2.521,2.5259799999999957
2.495,2.492650000000001
2.457,2.4571699999999974
2.539,2.5394199999999962
2.407,2.4105100000000026
2.379,2.3750499999999986
2.624,2.620549999999999
2.573,2.575920000000001
2.507,2.5088500000000016
2.667,2.66533
2.473,2.477750000000002
2.632,2.634080000000001
2.518,2.51487
2.398,2.3960399999999984
2.685,2.6811000000000007
2.599,2.6029199999999975
2.488,2.4893000000000005
2.573,2.575720000000002
2.46,2.459470000000001
2.583,2.5816099999999995
2.398,2.395929999999998
2.598,2.601410000000003
2.475,2.471839999999998
2.521,2.5151199999999956
2.365,2.3691800000000027
2.685,2.6874700000000007
2.619,2.616460000000001
2.48,2.475489999999998
2.46,2.4620300000000017
2.603,2.6019000000000023
2.698,2.6951399999999994
2.595,2.5975799999999993
2.717,2.718640000000002
2.408,2.405279999999995
2.418,2.4166900000000027
2.381,2.3832300000000006
2.544,2.545800000000003
2.518,2.52089
2.485,2.4875300000000053
2.581,2.5836199999999976
2.623,2.6254899999999974
2.347,2.346980000000002
2.44,2.43808
2.582,2.582919999999996
2.453,2.4509800000000017
2.42,2.417029999999996
2.602,2.604070000000002
2.371,2.372180000000001
2.47,2.4672500000000004
2.533,2.5363299999999964
2.443,2.4488800000000017
2.578,2.5739100000000006
2.443,2.4371600000000027
2.641,2.6442999999999977
2.487,2.4853999999999976
2.567,2.5636500000000018
2.575,2.578169999999998
2.437,2.4385300000000036
2.295,2.2949399999999978
2.536,2.5321100000000003
2.507,2.5073700000000017
2.556,2.5576800000000026
2.477,2.475070000000001
2.457,2.4586599999999974
2.701,2.7011199999999977
2.353,2.354080000000002
2.573,2.5735400000000017
2.443,2.4423600000000034
2.466,2.4620000000000015
2.468,2.4672799999999997
2.42,2.4206399999999975
2.557,2.561379999999996
2.639,2.6379600000000023
2.547,2.542949999999998
2.51,2.511069999999997
2.401,2.4013100000000014
2.552,2.5522799999999983
2.716,2.7188800000000013
2.462,2.460889999999998
2.462,2.465799999999998
2.444,2.4393099999999985
2.451,2.4531499999999964
2.541,2.5400899999999984
2.415,2.4172299999999995
2.339,2.337589999999999
2.575,2.5778199999999973
2.392,2.392629999999998
2.466,2.464990000000001
2.647,2.6417999999999973
2.359,2.362370000000002
2.347,2.3480600000000025
2.527,2.524119999999997
2.615,2.6143400000000026
2.343,2.3450899999999977
2.541,2.537409999999999
2.558,2.557629999999998
2.294,2.2966400000000022
2.58,2.579370000000003
2.588,2.5852599999999977
2.469,2.470039999999998
2.625,2.62942
2.614,2.610950000000002
2.51,2.513789999999997
2.455,2.4559400000000036
2.403,2.405359999999998
2.496,2.501740000000002
2.557,2.558509999999997
2.468,2.467289999999998
2.28,2.2781000000000002
2.627,2.630410000000002
2.519,2.5162900000000024
2.462,2.460189999999998
2.586,2.586730000000004
2.652,2.6512599999999957
2.543,2.539390000000003
2.357,2.3594700000000004
2.55,2.5503000000000027
2.513,2.5138500000000015
2.564,2.5594399999999977
2.45,2.453919999999997
2.313,2.3150399999999967
2.455,2.4584200000000025
2.541,2.542239999999998
2.602,2.5980000000000016
2.383,2.386850000000002
2.603,2.6045400000000027
2.435,2.4334600000000015
2.536,2.53607
2.449,2.445440000000003
2.518,2.5170900000000005
2.589,2.58949
2.377,2.3748700000000027
2.432,2.432929999999996
2.518,2.5145799999999996
2.414,2.4165799999999957
2.704,2.703180000000002
2.7,2.7057599999999984
2.49,2.4941800000000014
2.47,2.467720000000001
2.431,2.4323300000000034
2.493,2.493179999999998
2.359,2.361080000000003
2.492,2.4903999999999975
2.65,2.650700000000002
2.439,2.439319999999997
2.476,2.4776633333333336
2.33,2.327190000000003
2.537,2.534810000000002
2.526,2.530030000000002
2.506,2.50605
2.478,2.481080000000002
2.471,2.4758200000000024
2.55,2.5522700000000027
2.497,2.497380000000005
2.531,2.534640000000002
2.521,2.517389999999996
2.612,2.6120099999999984
2.568,2.5659300000000034
2.519,2.5168500000000025
2.652,2.654799999999995
2.542,2.53913
2.63,2.6343799999999984
2.561,2.5616800000000035
2.316,2.3185600000000015
2.63,2.634089999999997
2.514,2.514160000000002
2.495,2.490516666666669
2.528,2.5230599999999987
2.466,2.4681000000000015
2.523,2.522859999999998
2.441,2.440390000000001
2.627,2.6310400000000014
2.489,2.487150000000002
2.462,2.461949999999998
2.408,2.4087999999999967
2.527,2.5279499999999975
2.519,2.5182700000000025
2.539,2.5413099999999984
2.397,2.3963399999999973
2.34,2.3431600000000024
2.563,2.5625699999999965
2.648,2.643179999999999
2.397,2.394949999999997
2.659,2.6565699999999985
2.528,2.5300799999999977
2.499,2.494629999999998
2.46,2.4590100000000006
2.362,2.3639599999999974
2.599,2.6006799999999974
2.422,2.4196299999999984
2.422,2.4201799999999993
2.599,2.601819999999999
2.312,2.3137200000000027
2.348,2.347810000000004
2.498,2.4973399999999986
2.529,2.5270199999999976
2.548,2.5434800000000015
2.47,2.465439999999999
2.477,2.482505
2.477,2.478560000000002
2.42,2.4194699999999965
2.512,2.5130100000000004
2.561,2.562080000000003
2.62,2.6165100000000012
2.351,2.349119999999999
2.475,2.4755799999999972
2.545,2.547639999999997
2.559,2.5625000000000004
2.501,2.5002300000000024
2.554,2.5487100000000007
2.419,2.421450000000003
2.656,2.6580100000000026
2.599,2.601609999999998
2.366,2.3640500000000046
2.392,2.3916099999999982
2.395,2.3955300000000026
2.568,2.5650400000000015
2.372,2.368800000000003
2.467,2.4653500000000044
2.545,2.541699999999996
2.493,2.492419999999998
2.526,2.5280500000000035
2.393,2.39303
2.559,2.558309999999999
2.439,2.4411599999999973
2.468,2.4656299999999978
2.524,2.529160000000001
2.51,2.5113199999999978
2.502,2.5050700000000017
2.425,2.4218500000000036
2.47,2.4685199999999994
2.5,2.503129999999999
2.362,2.3627999999999982
2.454,2.4510400000000003
2.539,2.5367499999999956
2.372,2.3702500000000013
2.616,2.618200000000004
2.627,2.629230000000003
2.375,2.37268
2.636,2.6323099999999986
2.486,2.490079999999997
2.542,2.5452700000000017
2.45,2.450699999999997
2.592,2.5899300000000043
2.541,2.538999999999999
2.419,2.4188200000000033
2.383,2.385000000000001
2.354,2.3514200000000036
2.519,2.5222700000000016
2.557,2.5584999999999964
2.565,2.5646199999999992
2.488,2.4874099999999997
2.384,2.386639999999995
2.432,2.4353799999999968
2.615,2.619440000000001
2.452,2.4501099999999996
2.514,2.5152500000000035
2.392,2.391089999999999
2.534,2.5368299999999993
2.454,2.4547100000000013
2.605,2.600959999999998
2.577,2.578889999999999
2.45,2.453679999999997
2.487,2.4885899999999994
2.445,2.4422799999999962
2.358,2.3600600000000016
2.414,2.414889999999997
2.52,2.521140000000003
2.533,2.5345599999999955
2.515,2.515849999999996
2.47,2.47154
2.593,2.592289999999998
2.506,2.5103
2.57,2.5631399999999958
2.323,2.326060000000001
2.528,2.530479999999998
2.358,2.353040000000003
2.479,2.479370000000002
2.47,2.47005
2.659,2.6588099999999986
2.54,2.5382399999999974
2.517,2.516009999999998
2.584,2.5837000000000008
2.537,2.536080000000002
2.454,2.447770000000001
2.607,2.6100200000000013
2.389,2.391210000000001
2.532,2.5338000000000025
2.345,2.344509999999999
2.52,2.5152800000000024
2.519,2.521450000000001
2.668,2.6690500000000026
2.344,2.344739999999998
2.44,2.4355499999999988
2.582,2.5835399999999966
2.534,2.5322199999999984
2.518,2.51382
2.404,2.4093999999999984
2.441,2.439280000000002
2.625,2.6285299999999996
2.495,2.492330000000002
2.538,2.540310000000003
2.488,2.4879399999999996
2.382,2.386620000000001
2.593,2.588219999999998
2.55,2.5526400000000034
2.731,2.7276399999999974
2.398,2.395919999999998
2.582,2.581389999999997
2.369,2.36589
2.516,2.515469999999998
2.598,2.596060000000004
2.293,2.292570000000002
2.48,2.4843199999999985
2.444,2.4407599999999965
2.43,2.4325100000000033
2.539,2.536749999999996
2.612,2.611809999999998
2.487,2.490039999999997
2.521,2.5151699999999955
2.511,2.511149999999998
2.5,2.50293
2.391,2.393919999999998
2.611,2.6106099999999963
2.53,2.5309600000000008
2.539,2.5380399999999965
2.419,2.4182300000000017
2.454,2.456170000000002
2.482,2.48286
2.347,2.345860000000001
2.331,2.332999999999997
2.44,2.439019999999998
2.552,2.5476399999999986
2.435,2.439140000000001
2.398,2.3960399999999984
2.419,2.4190000000000023
2.454,2.4574400000000014
2.465,2.463060000000002
2.717,2.7109400000000026
2.605,2.6041399999999975
2.602,2.602470000000002
2.617,2.6154599999999975
2.4,2.397400000000002
2.378,2.3739599999999954
2.389,2.388870000000002
2.633,2.6330500000000017
2.445,2.4492099999999972
2.375,2.37509
2.457,2.458999999999997
2.476,2.4778799999999994
2.527,2.523669999999996
2.525,2.5276900000000024
2.417,2.4154500000000008
2.569,2.569669999999996
2.436,2.438850000000002
2.484,2.484350000000002
2.569,2.5626399999999974
2.436,2.4381800000000022
2.443,2.439110000000003
2.559,2.561999999999998
2.414,2.4136999999999964
2.462,2.4602199999999983
2.556,2.5590300000000035
2.705,2.707240000000003
2.561,2.5576000000000025
2.547,2.5428099999999993
2.553,2.553889999999999
2.393,2.3944199999999998
2.512,2.51529
2.497,2.4972500000000015
2.532,2.5326400000000024
2.512,2.512260000000001
2.538,2.538010000000002
2.469,2.4678799999999965
2.506,2.505569999999999
2.377,2.3718600000000034
2.468,2.4648399999999975
2.639,2.6379000000000024
2.532,2.5320100000000036
2.498,2.4949199999999983
2.69,2.6878799999999994
2.364,2.361780000000002
2.389,2.390360000000003
2.671,2.6740999999999993
2.505,2.508279999999998
2.476,2.4795899999999986
2.38,2.3812999999999978
2.545,2.547169999999997
2.554,2.557510000000001
2.391,2.3909199999999986
2.486,2.487299999999998
2.466,2.4616900000000026
2.526,2.5260000000000025
2.388,2.386640000000002
2.625,2.6253299999999995
2.592,2.5880000000000036
2.464,2.4605899999999985
2.478,2.481610000000003
2.486,2.489999999999997
2.422,2.416769999999998
2.456,2.4586399999999964
2.473,2.472140000000004
2.661,2.6617400000000004
2.595,2.5912999999999995
2.593,2.5887799999999976
2.537,2.533720000000002
2.388,2.3899200000000005
2.496,2.4921200000000026
2.597,2.5954100000000024
2.374,2.3714299999999984
2.564,2.560489999999997
2.732,2.730450000000002
2.606,2.6050799999999974
2.641,2.637849999999998
2.522,2.5233799999999964
2.597,2.5928600000000004
2.428,2.425669999999999
2.58,2.5844800000000037
2.565,2.5617199999999984
2.529,2.5329899999999985
2.632,2.6305400000000025
2.446,2.4464199999999994
2.481,2.4786999999999972
2.51,2.511239999999998
2.397,2.3970699999999976
2.523,2.5258399999999983
2.328,2.326970000000002
2.605,2.603259999999998
2.505,2.507479999999998
2.448,2.4530000000000003
2.417,2.419030000000002
2.477,2.474830000000001
2.569,2.565879999999997
2.555,2.5569600000000032
2.429,2.4333200000000006
2.415,2.4153599999999993
2.566,2.5636799999999997
2.428,2.4271899999999986
2.506,2.5086000000000004
2.512,2.5110500000000004
2.531,2.533630000000002
2.586,2.578740000000004
2.374,2.373869999999998
2.309,2.3044299999999986
2.443,2.4409600000000036
2.68,2.681900000000004
2.702,2.7019899999999994
2.683,2.6819299999999964
2.481,2.4844999999999975
2.322,2.3181000000000016
2.266,2.268199999999998
2.439,2.440299999999998
2.48,2.4822799999999976
2.63,2.6287799999999995
2.587,2.5908999999999973
2.523,2.5251599999999983
2.411,2.411720000000001
2.404,2.407019999999998
2.525,2.5218800000000026
2.57,2.5732299999999975
2.539,2.5353699999999955
2.397,2.393759999999999
2.565,2.5610099999999982
2.543,2.5408300000000033
2.393,2.3913899999999995
2.422,2.420169999999998
2.569,2.5678899999999967
2.477,2.480030000000001
2.659,2.658949999999998
2.55,2.5546700000000024
2.451,2.447149999999997
2.499,2.4929699999999984
2.506,2.502849999999999
2.427,2.426279999999999
2.409,2.4124199999999987
2.57,2.566819999999997
2.585,2.583480000000002
2.56,2.5555400000000006
2.652,2.651849999999996
2.446,2.4485799999999993
2.667,2.6645700000000003
2.41,2.4095399999999976
2.399,2.4000399999999997
2.324,2.326710000000004
2.455,2.4596900000000033
2.45,2.445159999999997
2.553,2.555639999999998
2.524,2.5193800000000004
2.381,2.38486
2.461,2.4633500000000037
2.463,2.462869999999998
2.322,2.322420000000002
2.402,2.401079999999996
2.423,2.420780000000001
2.643,2.639449999999999
2.519,2.5122100000000036
2.566,2.5639700000000016
2.35,2.350099999999997
2.619,2.6188100000000003
2.63,2.6331199999999986
2.3,2.298680000000002
2.429,2.424880000000001
2.55,2.5546100000000025
2.564,2.565069999999996
2.432,2.4369499999999964
2.469,2.46945
2.44,2.4403399999999986
2.511,2.5139899999999984
2.62,2.6170400000000025
2.423,2.4214900000000013
2.6,2.600629999999999
2.422,2.4199999999999986
2.415,2.4185199999999982
2.582,2.584029999999997
2.592,2.587650000000004
2.585,2.5853300000000012
2.368,2.3704299999999976
2.453,2.448170000000002
2.582,2.5815799999999967
2.504,2.5080399999999985
2.393,2.3912
2.546,2.5411199999999985
2.429,2.42564
2.679,2.677519999999999
2.654,2.652999999999999
2.56,2.5588000000000006
2.636,2.6332099999999974
2.506,2.50518
2.577,2.5765699999999985
2.648,2.6489399999999987
2.525,2.527670000000002
2.474,2.4782599999999975
2.33,2.327870000000003
2.492,2.4955099999999972
2.582,2.5811199999999968
2.595,2.589289999999999
2.55,2.546570000000004
2.446,2.444299999999999
2.302,2.2975099999999995
2.45,2.4461999999999966
2.47,2.4717499999999997
2.469,2.4679999999999973
2.562,2.562390000000004
2.699,2.7034000000000042
2.512,2.50877
2.478,2.478040000000002
2.474,2.4742799999999967
2.512,2.5135599999999996
2.417,2.41382
2.512,2.51025
2.545,2.540179999999996
2.521,2.5233299999999956
2.546,2.5439299999999982
2.543,2.545330000000003
2.323,2.3280900000000004
2.564,2.559779999999997
2.433,2.4338499999999965
2.39,2.3894199999999963
2.39,2.3894899999999955
2.543,2.5407600000000032
2.478,2.4790700000000023
2.332,2.333629999999997
2.548,2.5511700000000004
2.356,2.3541199999999978
2.514,2.513190000000003
2.524,2.5279299999999996
2.589,2.5934799999999996
2.678,2.6778199999999983
2.364,2.3663900000000013
2.495,2.492120000000002
2.472,2.4697100000000005
2.543,2.5467500000000025
2.522,2.5242999999999984
2.465,2.4654000000000016
2.456,2.461289999999997
2.388,2.388670000000002
2.599,2.5953399999999975
2.546,2.5466699999999993
2.592,2.5955700000000035
2.469,2.471689999999997
2.434,2.4371099999999983
2.392,2.3900099999999984
2.536,2.53372
2.396,2.3937899999999948
2.685,2.685500000000002
2.369,2.368270000000001
2.527,2.5241699999999963
2.657,2.6568100000000032
2.56,2.5601199999999995
2.518,2.51923
2.403,2.3998499999999985
2.362,2.362899999999999
2.577,2.572039999999999
2.651,2.6486100000000032
2.456,2.456669999999997
2.386,2.389979999999999
2.402,2.4040399999999957
2.489,2.4863200000000023
2.66,2.661189999999998
2.567,2.5713800000000036
2.531,2.533890000000003
2.46,2.460400000000002
2.442,2.4453300000000042
2.641,2.6360299999999977
2.52,2.5165000000000024
2.29,2.2933099999999995
2.433,2.4374099999999963
2.414,2.4154899999999966
2.445,2.443689999999997
2.556,2.555240000000003
2.489,2.4898400000000023
2.492,2.489449999999998
2.631,2.6313299999999997
2.43,2.432520000000004
2.686,2.680960000000001
2.433,2.4386299999999967
2.509,2.5100899999999964
2.472,2.4759400000000027
2.512,2.51158
2.544,2.5398400000000034
2.543,2.5431400000000024
2.425,2.4256400000000022
2.388,2.389550000000003
2.452,2.4486899999999996
2.57,2.565619999999996
2.339,2.339559999999999
2.472,2.4698500000000023
2.487,2.4888799999999986
2.547,2.545019999999999
2.517,2.5155899999999978
2.385,2.3802999999999974
2.532,2.5348300000000026
2.396,2.3944499999999977
2.414,2.4124399999999966
2.473,2.4762400000000047
2.395,2.3918400000000024
2.452,2.455619999999999
2.381,2.3780700000000006
2.317,2.317340000000003
2.602,2.6014900000000023
2.37,2.3683600000000022
2.482,2.4845600000000005
2.575,2.5800199999999966
2.439,2.442009999999998
2.417,2.4186900000000007
2.523,2.532019999999998
2.612,2.611419999999997
2.383,2.387340000000003
2.485,2.483720000000004
2.327,2.32366
2.461,2.462400000000004
2.503,2.506219999999997
2.415,2.414549999999998
2.454,2.455970000000001
2.359,2.3615500000000016
2.508,2.5108200000000025
2.606,2.6024799999999972
2.39,2.3895599999999955
2.438,2.437669999999997
2.55,2.5500300000000036
2.621,2.6251400000000022
2.351,2.354609999999999
2.483,2.487600000000001
2.528,2.526519999999998
2.49,2.4882000000000026
2.55,2.5499000000000027
2.652,2.6546299999999956
2.512,2.5151800000000004
2.397,2.392539999999998
2.449,2.4504000000000046
2.677,2.679699999999998
2.591,2.588260000000002
2.564,2.5610099999999965
2.536,2.5340100000000008
2.434,2.43069
2.48,2.4807099999999966
2.492,2.491629999999998
2.555,2.557170000000003
2.651,2.6562600000000027
2.612,2.608809999999998
2.358,2.359600000000002
2.522,2.5179599999999978
2.574,2.576610000000004
2.562,2.5643600000000037
2.437,2.438410000000004
2.372,2.3744500000000013
2.392,2.393789999999999
2.523,2.5222599999999984
2.712,2.7133299999999974
2.416,2.4161699999999984
2.473,2.4719100000000043
2.608,2.606370000000002
2.498,2.4953299999999974
2.467,2.4660600000000046
2.557,2.5580299999999965
2.527,2.5254499999999958
2.603,2.604970000000001
2.629,2.6297999999999995
2.531,2.5380000000000025
2.529,2.533809999999998
2.521,2.523759999999996
2.549,2.550670000000003
2.506,2.5091799999999993
2.5,2.5034099999999997
2.62,2.6218600000000016
2.652,2.6462599999999967
2.349,2.3476999999999975
2.501,2.497600000000002
2.431,2.4303000000000026
2.469,2.4698099999999976
2.54,2.537229999999999
2.567,2.565540000000004
2.489,2.4876300000000016
2.309,2.3137999999999987
2.403,2.398719999999998
2.59,2.5877100000000017
2.619,2.62189
2.552,2.554119999999999
2.632,2.6293200000000017
2.48,2.4803199999999976
2.294,2.291740000000002
2.543,2.541280000000003
2.627,2.6289400000000036
2.592,2.588890000000003
2.434,2.4379599999999986
2.509,2.509819999999996
2.447,2.451190000000002
2.418,2.4164400000000033
2.596,2.595750000000002
2.38,2.3861699999999986
2.411,2.4129400000000008
2.39,2.3934799999999954
2.351,2.3485199999999997
2.515,2.5185599999999955
2.616,2.6145800000000037
2.482,2.4845900000000003
2.349,2.3474099999999978
2.584,2.5884500000000026
2.669,2.6694200000000006
2.435,2.438380000000002
2.452,2.4498699999999993
2.552,2.5554399999999986
2.662,2.665880000000002
2.448,2.4529300000000007
2.367,2.3689999999999976
2.563,2.5602599999999978
2.58,2.5820500000000033
2.501,2.4980300000000017
2.444,2.4432899999999975
2.599,2.6001699999999976
2.553,2.555009999999998
2.423,2.422680000000001
2.505,2.5081699999999985
2.365,2.366080000000002
2.569,2.562709999999997
2.474,2.4761299999999973
2.456,2.4556199999999975
2.497,2.4951500000000038
2.504,2.506099999999997
2.589,2.59409
2.559,2.560979999999999
2.484,2.4839600000000015
2.576,2.575539999999996
2.54,2.537659999999999
2.457,2.458719999999997
2.488,2.48965
2.485,2.483890000000005
2.551,2.545829999999998
2.463,2.462789999999997
2.461,2.4599700000000038
2.697,2.6990600000000007
2.594,2.599139999999997
2.424,2.4211200000000037
2.557,2.5610299999999957
2.512,2.5108900000000003
2.539,2.5370199999999956
2.514,2.511350000000003
2.619,2.616620000000001
2.535,2.5364099999999987
2.494,2.4951399999999997
2.604,2.604650000000005
2.523,2.5198199999999984
2.512,2.5131999999999994
2.531,2.5326000000000017
2.491,2.4894300000000045
2.501,2.5067400000000024
2.441,2.4396500000000008
2.425,2.421310000000004
2.4,2.3993400000000027
2.361,2.362329999999998
2.412,2.415520000000002
2.483,2.484790000000002
2.51,2.509999999999997
2.473,2.470000000000004
2.657,2.658780000000003
2.609,2.6096200000000014
2.545,2.539729999999996
2.691,2.6936600000000004
2.402,2.3989399999999965
2.689,2.6886699999999975
2.403,2.3992399999999976
2.524,2.5239100000000003
2.373,2.369889999999999
2.501,2.5050800000000017
2.539,2.539469999999996
2.485,2.483190000000004
2.571,2.5706899999999995
2.51,2.5102499999999974
2.448,2.443830000000001
2.443,2.442040000000004
2.581,2.5847499999999974
2.435,2.435790000000001
2.592,2.592480000000005
2.622,2.6257700000000033
2.333,2.3286599999999993
2.613,2.6099
2.706,2.7066599999999976
2.525,2.526970000000002
2.56,2.5640400000000017
2.604,2.6033700000000044
2.472,2.468210000000001
2.518,2.5152099999999997
2.369,2.3646100000000003
2.514,2.5129200000000016
2.55,2.5455200000000024
2.552,2.552079999999999
2.607,2.6056299999999997
2.423,2.4209000000000005
2.447,2.446800000000001
2.69,2.6863299999999994
2.485,2.4849200000000042
2.52,2.5176800000000026
2.493,2.490519999999998
2.418,2.4140400000000035
2.662,2.6602300000000008
2.447,2.4500700000000015
2.387,2.391040000000001
2.455,2.4585500000000042
2.3,2.303470000000002
2.435,2.4380800000000007
2.403,2.406729999999998
2.562,2.559590000000002
2.433,2.4363299999999963
2.589,2.585949999999999
2.64,2.6389499999999955
2.578,2.5783700000000023
2.478,2.475390000000003
2.514,2.511980000000003
2.348,2.3479100000000046
2.487,2.485339999999997
2.414,2.417999999999997
2.569,2.567959999999997
2.55,2.5474100000000024
2.301,2.296979999999997
2.464,2.4637999999999987
2.512,2.5095299999999994
2.509,2.510829999999997
2.427,2.429249999999998
2.525,2.528210000000002
2.376,2.3718000000000012
2.406,2.4064600000000023
2.565,2.562929999999999
2.398,2.394949999999998
2.554,2.5576000000000003
2.363,2.3667399999999996
2.676,2.6716499999999956
2.423,2.42863
2.478,2.4811900000000016
2.533,2.537809999999996
2.443,2.4379200000000028
2.514,2.520090000000003
2.558,2.555049999999996
2.596,2.596220000000002
2.579,2.5752300000000012
2.483,2.485860000000001
2.485,2.489320000000002
2.595,2.598660000000001
2.408,2.4055899999999975
2.51,2.5119599999999975
2.466,2.4639900000000017
2.486,2.488549999999998
2.377,2.3728100000000034
2.459,2.4612900000000026
2.681,2.6816200000000014
2.558,2.556409999999997
2.622,2.6221500000000026
2.609,2.604490000000001
2.464,2.46646
2.572,2.570200000000002
2.414,2.4106699999999956
2.453,2.4561200000000016
2.65,2.6521200000000023
2.473,2.466160000000005
2.313,2.3115899999999967
2.494,2.489480000000001
2.492,2.4889799999999975
2.62,2.616520000000002
2.501,2.504910000000002
2.458,2.458629999999999
2.605,2.605339999999997
2.512,2.5132399999999997
2.425,2.419390000000003
2.615,2.6138100000000026
2.519,2.515210000000002
2.5,2.49991
2.518,2.5208600000000008
2.393,2.3912600000000004
2.447,2.4466000000000023
2.5,2.5023399999999993
2.481,2.485809999999998
2.627,2.6288600000000018
2.522,2.5188099999999976
2.585,2.5837500000000007
2.501,2.502000000000002
2.606,2.603579999999998
2.54,2.5430099999999976
2.501,2.4967200000000025
2.499,2.4970099999999995
2.405,2.4064000000000005
2.551,2.5447199999999968
2.496,2.4911700000000025
2.45,2.446779999999998
2.611,2.6106399999999983
2.375,2.380419999999999
2.458,2.457219999999999
2.603,2.6055000000000024
2.532,2.5316500000000026
2.495,2.4889900000000025
2.525,2.526410000000002
2.518,2.5180900000000004
2.348,2.3467600000000033
2.465,2.468060000000001
2.662,2.6615400000000027
2.434,2.4360199999999987
2.468,2.4694799999999977
2.446,2.4417699999999987
2.491,2.490310000000004
2.442,2.4408300000000023
2.549,2.554890000000003
2.52,2.5238300000000025
2.577,2.5810099999999987
2.395,2.393810000000002
2.466,2.4661600000000012
2.477,2.4735200000000024
2.546,2.549259999999998
2.421,2.416229999999999
2.592,2.588300000000004
2.619,2.614910000000001
2.401,2.3973000000000018
2.451,2.4479799999999976
2.447,2.4448500000000015
2.457,2.458569999999998
2.668,2.6642400000000013
2.373,2.3699999999999988
2.401,2.398640000000003
2.431,2.4384800000000024
2.415,2.418449999999998
2.473,2.475650000000003
2.429,2.4323500000000013
2.418,2.420130000000004
2.616,2.620590000000003
2.622,2.6230600000000033
2.595,2.5920500000000004
2.552,2.5488799999999983
2.509,2.509419999999995
2.45,2.446979999999998
2.405,2.4061200000000005
2.536,2.5324500000000003
2.383,2.3868100000000028
2.401,2.406360000000001
2.615,2.609740000000002
2.69,2.6870299999999987
2.539,2.5334399999999966
2.611,2.6115999999999975
2.475,2.480539999999998
2.366,2.3655100000000053
2.561,2.5620000000000016
2.557,2.5575899999999963
2.507,2.510880000000001
2.476,2.47834
2.596,2.594640000000002
2.401,2.3962800000000026
2.423,2.421400000000001
2.399,2.39644
2.508,2.5108400000000017
2.391,2.391409999999998
2.432,2.4367999999999967
2.429,2.426200000000001
2.474,2.4672399999999985
2.351,2.349559999999999
2.509,2.5096399999999957
2.625,2.624369999999999
2.514,2.5130000000000017
2.654,2.656589999999997
2.633,2.6279200000000027
2.578,2.582860000000001
2.507,2.5070800000000024
2.502,2.5017600000000026
2.576,2.5789199999999965
2.461,2.462800000000004
2.312,2.3146800000000023
2.549,2.5530600000000025
2.387,2.3887300000000002
2.404,2.4085799999999975
2.5,2.4940199999999995
2.49,2.4908600000000023
2.359,2.3640600000000007
2.517,2.5182499999999983
2.597,2.5977700000000024
2.387,2.38895
2.627,2.626610000000001
2.344,2.341149999999997
2.712,2.711199999999997
2.459,2.455490000000001
2.515,2.5140499999999966
2.311,2.3167300000000033
2.494,2.48947
2.523,2.5263099999999987
2.491,2.4881400000000053
2.444,2.4488999999999974
2.405,2.40131
2.613,2.6120700000000006
2.503,2.5040299999999975
2.654,2.6561599999999985
2.447,2.4518200000000014
2.457,2.459829999999998
2.582,2.583519999999997
2.338,2.3404699999999967
2.379,2.3738299999999977
2.61,2.611280000000005
2.383,2.387720000000002
2.318,2.3199000000000023
2.687,2.685000000000004
2.361,2.359989999999998
2.518,2.516970000000001
2.507,2.5085900000000017
2.473,2.4673400000000028
2.545,2.5459099999999957
2.535,2.535039999999998
2.59,2.5885100000000016
2.461,2.459470000000005
2.571,2.5702599999999984
2.431,2.4304300000000034
2.359,2.356040000000002
2.37,2.3676200000000023
2.354,2.3520100000000035
2.601,2.596000000000001
2.349,2.3462499999999986
2.527,2.5248999999999966
2.473,2.4773200000000037
2.49,2.490340833333335
2.636,2.637049999999998
2.456,2.4578599999999975
2.561,2.5618100000000026
2.504,2.506899999999999
2.485,2.4849500000000044
2.73,2.7279799999999983
2.356,2.3615999999999984
2.629,2.6286799999999975
2.566,2.564730000000001
2.452,2.4535399999999994
2.663,2.659130000000003
2.315,2.3154899999999987
2.448,2.4444200000000014
2.379,2.377489999999997
2.541,2.546549999999998
2.389,2.391170000000002
2.543,2.5425300000000033
2.481,2.484069999999998
2.452,2.455819999999999
2.539,2.5364099999999956
2.473,2.468730000000004
2.391,2.391109999999997
2.451,2.455279999999997
2.278,2.276299999999998
2.416,2.4162099999999986
2.373,2.3718899999999983
2.583,2.5838299999999985
2.532,2.5341200000000015
2.54,2.542589999999999
2.463,2.4656599999999984
2.472,2.4698600000000006
2.463,2.464629999999998
2.492,2.489639999999997
2.584,2.581670000000001
2.534,2.531659999999998
2.55,2.555310000000003
2.55,2.546260000000002
2.588,2.584579999999998
2.529,2.526849999999998
2.536,2.538070000000001
2.619,2.61336
2.433,2.437279999999997
2.414,2.4126899999999973
2.381,2.3845700000000005
2.518,2.5221800000000005
2.315,2.3141099999999986
2.546,2.5428999999999977
2.489,2.4901125000000017
2.613,2.6127800000000008
2.433,2.4357699999999967
2.48,2.484369999999999
2.612,2.6178599999999976
2.638,2.6418200000000014
2.432,2.4359399999999964
2.518,2.5153199999999996
2.529,2.5308399999999978
2.537,2.530290000000002
2.474,2.478479999999999
2.628,2.6276399999999978
2.311,2.3118600000000016
2.458,2.4550499999999986
2.545,2.544019999999996
2.546,2.5479399999999974
2.635,2.6370399999999967
2.62,2.622270000000002
2.471,2.474070000000001
2.63,2.62566
2.429,2.43108
2.593,2.588969999999997
2.681,2.6799500000000025
2.621,2.6231900000000024
2.511,2.5123499999999983
2.467,2.468210000000004
2.347,2.3461800000000026
2.531,2.5268300000000017
2.388,2.390140000000003
2.421,2.418639999999999
2.381,2.37794
2.454,2.4610300000000014
2.497,2.496230000000003
2.527,2.530329999999996
2.44,2.440459999999999
2.607,2.60621
2.479,2.4748900000000034
2.421,2.4179799999999987
2.523,2.521579999999999
2.696,2.6911
2.534,2.5344499999999983
2.464,2.46163
2.347,2.346790000000002
2.478,2.4831800000000013
2.523,2.526069999999998
2.461,2.4597600000000024
2.333,2.3351699999999984
2.415,2.4164499999999993
2.645,2.6467600000000018
2.643,2.6475199999999997
2.411,2.4099800000000005
2.567,2.5717900000000027
2.382,2.3843700000000014
2.64,2.635959999999996
2.525,2.5292600000000016
2.595,2.5989699999999996
2.328,2.325290000000001
2.568,2.5655800000000033
2.499,2.494109999999998
2.585,2.5841700000000016
2.591,2.589460000000002
2.507,2.5098600000000015
2.44,2.4373499999999986
2.578,2.580630000000001
2.494,2.4924200000000014
2.413,2.414690000000002
2.408,2.410959999999996
2.352,2.3564400000000014
2.449,2.4444300000000028
2.61,2.606850000000005
2.518,2.5141600000000004
2.447,2.4475100000000016
2.58,2.5809500000000036
2.417,2.415740000000001
2.51,2.506939999999997
2.482,2.4840699999999996
2.578,2.575870000000001
2.342,2.3448100000000047
2.415,2.4119099999999984
2.336,2.340320000000003
2.474,2.4704299999999977
2.621,2.624970000000001
2.449,2.4463500000000025
2.449,2.448160000000002
2.587,2.5858099999999964
2.607,2.6082599999999996
2.491,2.4937000000000045
2.568,2.5634200000000025
2.392,2.3922599999999985
2.638,2.6355000000000013
2.715,2.7128
2.552,2.5555699999999995
2.292,2.2902600000000013
2.444,2.4446699999999963
2.561,2.5595300000000027
2.458,2.4589999999999996
2.627,2.6287300000000027
2.559,2.55985
2.429,2.4222400000000004
2.503,2.506209999999997
2.411,2.413770000000001
2.482,2.4854000000000003
2.445,2.4395599999999975
2.617,2.6180499999999984
2.712,2.709299999999997
2.357,2.353659999999999
2.308,2.309419999999997
2.475,2.4786499999999982
2.348,2.3475800000000038
2.505,2.507109999999998
2.575,2.5716399999999964
2.649,2.6472200000000004
2.52,2.5185900000000037
2.481,2.4812899999999987
2.302,2.297039999999998
2.503,2.5052399999999984
2.507,2.510330000000003
2.564,2.5598999999999976
2.429,2.425750000000002
2.456,2.455399999999997
2.352,2.348060000000002
2.271,2.271319999999996
2.389,2.391730000000003
2.343,2.341339999999998
2.534,2.5369999999999977
2.448,2.4427300000000014
2.446,2.4433599999999998
2.402,2.401189999999996
2.651,2.653280000000002
2.4,2.3970300000000013
2.459,2.4616800000000016
2.355,2.3564099999999972
2.597,2.5989100000000014
2.514,2.5191400000000033
2.417,2.4158700000000004
2.461,2.462690000000004
2.668,2.665820000000003
2.493,2.493609999999998
2.482,2.4863500000000003
2.406,2.4115200000000026
2.311,2.3080300000000036
2.484,2.4852100000000017
2.533,2.532679999999995
2.61,2.6119000000000034
2.275,2.275320000000003
2.387,2.3930499999999997
2.442,2.4430700000000036
2.5,2.5004600000000003
2.485,2.488070000000004
2.488,2.4861
2.541,2.5413099999999984
2.41,2.411089999999998
2.593,2.59176
2.543,2.5445600000000033
2.468,2.468139999999997
2.66,2.656699999999998
2.656,2.652570000000001
2.593,2.590799999999997
2.658,2.656029999999996
2.579,2.581440000000002
2.701,2.698799999999998
2.624,2.624789999999998
2.658,2.658359999999996
2.588,2.586449999999998
2.635,2.630639999999998
2.699,2.7036900000000035
2.522,2.521999999999998
2.343,2.3441799999999966
2.469,2.470519999999997
2.539,2.539729999999997
2.507,2.5086100000000022
2.375,2.372769999999999
2.337,2.333949999999997
2.426,2.422039999999998
2.581,2.5806399999999967
2.658,2.6578399999999958
2.592,2.589610000000003
2.606,2.605479999999998
2.492,2.4935599999999987
2.326,2.3238399999999966
2.454,2.4501600000000012
2.474,2.470159999999998
2.45,2.4531599999999973
2.505,2.5088899999999983
2.544,2.538660000000003
2.585,2.585330000000001
2.472,2.4726300000000023
2.31,2.3134500000000005
2.452,2.4472899999999997
2.504,2.4995299999999987
2.622,2.624060000000004
2.443,2.441540000000004
2.551,2.5485399999999965
2.529,2.533049999999998
2.504,2.5069399999999975
2.593,2.588999999999998
2.434,2.4367699999999983
2.442,2.441650000000003
2.499,2.4965699999999984
2.436,2.4373600000000035
2.551,2.5514299999999968
2.429,2.4325300000000003
2.523,2.519139999999999
2.49,2.489230000000002
2.521,2.5247099999999962
2.454,2.448940000000001
2.466,2.4694700000000007
2.51,2.5110199999999967
2.52,2.5218700000000034
2.5,2.497480000000001
2.671,2.674769999999998
2.401,2.3999000000000033
2.494,2.4918999999999993
2.343,2.3445699999999983
2.537,2.5339900000000024
2.388,2.3879400000000017
2.472,2.466980000000002
2.463,2.4640499999999976
2.528,2.531309999999997
2.445,2.4490999999999974
2.44,2.4436699999999996
2.644,2.6392700000000024
2.528,2.532459999999999
2.444,2.4418499999999965
2.475,2.470659999999997
2.665,2.6618799999999987
2.476,2.47985
2.431,2.425870000000003
2.432,2.436639999999998
2.445,2.4431699999999963
2.441,2.4429800000000013
2.372,2.370370000000003
2.388,2.3901300000000014
2.417,2.416460000000001
2.559,2.5585599999999986
2.462,2.4661099999999974
2.479,2.4828900000000043
2.627,2.629970000000003
2.63,2.628309999999999
2.472,2.4741800000000014
2.437,2.439120000000002
2.414,2.413159999999997
2.569,2.563429999999997
2.48,2.476019999999998
2.461,2.465890000000003
2.419,2.4188200000000033
2.423,2.4226000000000014
2.532,2.531450000000003
2.368,2.368339999999998
2.599,2.603229999999998
2.447,2.444340000000001
2.485,2.4873100000000044
2.366,2.3638900000000036
2.499,2.497579999999998
2.467,2.4635100000000048
2.495,2.4930000000000025
2.647,2.6516699999999993
2.518,2.51545
2.421,2.418979999999998
2.429,2.4268300000000016
2.56,2.5605300000000013
2.63,2.6297499999999987
2.528,2.530749999999998
2.569,2.5712299999999977
2.561,2.5604600000000026
2.642,2.6399399999999975
2.305,2.3014000000000028
2.567,2.5645600000000037
2.598,2.5947300000000046
2.366,2.3648900000000053
2.411,2.414200000000002
2.415,2.418089999999998
2.427,2.4303399999999997
2.452,2.4478399999999993
2.524,2.51929
2.587,2.582599999999998
2.608,2.609450000000003
2.416,2.4158599999999986
2.416,2.416999999999998
2.632,2.6295500000000014
2.565,2.56318
2.508,2.5088000000000026
2.547,2.5408499999999985
2.497,2.4936100000000025
2.552,2.554259999999999
2.466,2.4641000000000024
2.527,2.5299099999999966
2.349,2.3479899999999976
2.431,2.435530000000003
2.432,2.4354499999999963
2.463,2.461899999999998
2.407,2.4115300000000017
2.447,2.4524800000000018
2.349,2.345139999999998
2.555,2.5572000000000044
2.492,2.495599999999998
2.329,2.3300400000000008
2.417,2.412980000000001
2.534,2.539539999999999
2.446,2.4426699999999983
2.43,2.4329500000000017
2.493,2.4892199999999978
2.534,2.5348999999999977
2.356,2.3600599999999976
2.555,2.556880000000003
2.42,2.4173999999999967
2.498,2.499489999999997
2.496,2.4942600000000024
2.447,2.4467700000000017
2.398,2.400349999999998
2.471,2.471770000000001
2.663,2.6618400000000015
2.364,2.365900000000002
2.669,2.671650000000002
2.474,2.470679999999997
2.504,2.497729999999998
2.391,2.383819999999998
2.423,2.42399
2.45,2.4516699999999974
2.395,2.3931800000000014
2.479,2.4830600000000045
2.459,2.462680000000002
2.685,2.68257
2.383,2.3858800000000016
2.51,2.511719999999998
2.525,2.5291500000000022
2.393,2.3947599999999993
2.569,2.5697399999999972
2.46,2.4615300000000016
2.566,2.566850000000001
2.388,2.389780000000001
2.395,2.394630000000004
2.569,2.565199999999997
2.465,2.4669400000000015
2.592,2.5892200000000036
2.621,2.6233100000000023
2.436,2.4365000000000037
2.579,2.579130000000001
2.424,2.428650000000003
2.723,2.720910000000004
2.431,2.434440000000003
2.603,2.607540000000003
2.584,2.583860000000002
2.532,2.5315400000000032
2.433,2.4338099999999967
2.485,2.487570000000005
2.285,2.2889399999999984
2.522,2.517619999999999
2.535,2.534889999999997
2.513,2.512770000000003
2.373,2.374169999999998
2.425,2.421210000000003
2.529,2.5299599999999978
2.529,2.5303399999999985
2.483,2.48156
2.564,2.560479999999997
2.397,2.3958499999999976
2.561,2.5614000000000026
2.547,2.544209999999999
2.538,2.533210000000002
2.482,2.4820600000000006
2.683,2.683369999999996
2.549,2.551090000000003
2.403,2.4060099999999984
2.525,2.526510000000003
2.575,2.577129999999997
2.441,2.441210000000001
2.609,2.611610000000003
2.538,2.534740000000003
2.266,2.268969999999998
2.53,2.5310200000000007
2.459,2.4615600000000017
2.554,2.55929
2.594,2.5953799999999974
2.52,2.5249000000000037
2.667,2.6645900000000013
2.482,2.4835499999999997
2.562,2.558160000000004
2.58,2.5814000000000035
2.49,2.4868000000000015
2.578,2.5789000000000017
2.441,2.4401200000000007
2.458,2.4607899999999994
2.369,2.37113
2.524,2.5273900000000005
2.533,2.5333799999999966
2.618,2.621349999999998
2.579,2.5772700000000013
2.472,2.4741100000000014
2.382,2.384890000000002
2.543,2.5423300000000033
2.611,2.609629999999997
2.576,2.5731099999999976
2.608,2.609870000000002
2.479,2.475000000000004
2.453,2.455420000000002
2.426,2.4263199999999965
2.494,2.4908700000000006
2.492,2.4911699999999994
2.521,2.5224299999999955
2.487,2.489049999999998
2.487,2.485799999999998
2.422,2.422549999999999
2.594,2.5924199999999975
2.508,2.5111900000000027
2.483,2.4854300000000027
2.425,2.4240300000000032
2.367,2.3642799999999977
2.631,2.6297599999999988
2.555,2.5583700000000036
2.338,2.339859999999998
2.576,2.577009999999997
2.592,2.5864900000000035
2.512,2.5154300000000003
2.66,2.653789999999998
2.522,2.523849999999998
2.358,2.3590800000000023
2.537,2.5330300000000023
2.524,2.5267000000000004
2.44,2.437039999999998
2.557,2.558789999999996
2.333,2.3285400000000003
2.599,2.599259999999999
2.412,2.4140700000000024
2.402,2.397999999999997
2.489,2.493630000000002
2.543,2.5380900000000026
2.516,2.5139999999999976
2.426,2.4240799999999965
2.449,2.446820000000003
2.387,2.3889199999999993
2.478,2.4792200000000033
2.608,2.6049600000000015
2.5,2.5008299999999997
2.586,2.585040000000004
2.646,2.6480199999999967
2.441,2.4404800000000018
2.481,2.4849899999999976
2.717,2.7183300000000035
2.644,2.6410400000000025
2.333,2.3353300000000004
2.539,2.5352999999999963
2.5,2.5028700000000006
2.583,2.5780999999999996
2.426,2.429459999999997
2.416,2.4148999999999985
2.432,2.4352699999999974
2.443,2.4422800000000042
2.582,2.5843499999999966
2.382,2.3865800000000017
2.438,2.4404699999999964
2.321,2.319789999999998
2.601,2.6019199999999993
2.627,2.6310600000000006
2.467,2.4673500000000033
2.47,2.4693200000000006
2.545,2.541289999999996
2.647,2.648639999999998
2.541,2.538569999999998
2.43,2.4330400000000028
2.338,2.3420499999999977
2.388,2.389020000000002
2.507,2.508750000000002
2.434,2.4359099999999985
2.519,2.518810000000002
2.445,2.4457399999999967
2.394,2.3935600000000026
2.382,2.3844500000000015
2.656,2.657450000000003
2.589,2.5893700000000006
2.673,2.672570000000001
2.554,2.557450000000001
2.457,2.4588199999999985
2.632,2.6296400000000015
2.497,2.4944400000000035
2.522,2.521049999999998
2.496,2.492130000000002
2.66,2.659539999999997
2.549,2.5524200000000032
2.533,2.532209999999996
2.494,2.4920300000000006
2.516,2.5158499999999973
2.44,2.4436299999999993
2.562,2.5590300000000035
2.369,2.36991
2.519,2.5153900000000022
2.556,2.5586700000000033
2.48,2.478169999999997
2.537,2.535480000000003
2.401,2.405520000000003
2.403,2.4038999999999975
2.524,2.52092
2.568,2.564720000000003
2.313,2.3142699999999974
2.552,2.5545
2.446,2.443189999999999
2.481,2.482459999999998
2.366,2.3630600000000035
2.415,2.412249999999999
2.597,2.5940000000000025
2.503,2.500529999999996
2.462,2.4604399999999984
2.488,2.489090000000001
2.549,2.545580000000003
2.544,2.5433900000000027
2.492,2.4881799999999985
2.609,2.604680000000003
2.597,2.600940000000002
2.541,2.538669999999998
2.505,2.5072999999999976
2.566,2.5687300000000017
2.531,2.5344000000000024
2.606,2.605779999999998
2.59,2.588670000000002
2.398,2.3981399999999984
2.391,2.389229999999998
2.43,2.4315300000000035
2.598,2.5926500000000043
2.342,2.338610000000003
2.539,2.5370399999999957
2.536,2.5336400000000006
2.616,2.614710000000004
2.518,2.5126700000000004
2.366,2.366450000000005
2.404,2.4043899999999976
2.382,2.3833400000000022
2.446,2.4441599999999997
2.482,2.48352
2.383,2.38774
2.647,2.644629999999998
2.367,2.368969999999998
2.635,2.6343799999999966
2.619,2.6175000000000006
2.59,2.5876400000000017
2.431,2.4274200000000024
2.534,2.5359899999999977
2.372,2.3686400000000027
2.591,2.587040000000002
2.493,2.4930099999999977
2.459,2.4603100000000016
2.378,2.3772099999999963
2.396,2.396059999999996
2.611,2.6086599999999978
2.46,2.463380000000002
2.483,2.481570000000002
2.566,2.5674
2.681,2.6822000000000026
2.633,2.632240000000002
2.403,2.401499999999998
2.306,2.309610000000003
2.727,2.725330000000001
2.519,2.5237700000000016
2.373,2.371669999999998
2.596,2.593720000000002
2.489,2.487560000000001
2.489,2.487080000000002
2.589,2.59158
2.533,2.530399999999997
2.381,2.38236
2.468,2.467609999999999
2.566,2.5651300000000017
2.551,2.555889999999996
2.526,2.526570000000002
2.593,2.594279999999998
2.464,2.4623399999999993
2.518,2.5160299999999993
2.455,2.4559100000000034
2.576,2.576419999999997
2.461,2.461970000000002
2.453,2.4519200000000017
2.396,2.401039999999996
2.6,2.601309999999998
2.555,2.557060000000004
2.583,2.584169999999999
2.327,2.3309499999999987
2.484,2.486830000000001
2.472,2.4694300000000013
2.472,2.4696900000000026
2.438,2.4384099999999966
2.465,2.466070000000002
2.585,2.582020000000002
2.309,2.312449999999998
2.678,2.6765799999999986
2.548,2.544560000000001
2.496,2.4974300000000027
2.591,2.5919600000000016
2.355,2.358029999999997
2.434,2.4295599999999986
2.488,2.4858900000000004
2.637,2.6363999999999987
2.495,2.491933333333335
2.545,2.540879999999997
2.441,2.4465500000000016
2.549,2.5540900000000026
2.668,2.669780000000003
2.6,2.601829999999998
2.492,2.490719999999998
2.568,2.5708100000000034
2.558,2.5586499999999974
2.551,2.5555099999999964
2.611,2.6113599999999986
2.61,2.610650000000005
2.487,2.4863499999999985
2.564,2.561639999999997
2.462,2.4628799999999966
2.408,2.4102899999999954
2.473,2.4770100000000044
2.492,2.4903999999999984
2.334,2.3282800000000017
2.586,2.587810000000004
2.65,2.65212
2.474,2.4715999999999987
2.501,2.503710000000002
2.53,2.53244
2.441,2.438800000000001
2.519,2.5242200000000015
2.486,2.4877799999999977
2.491,2.4902900000000057
2.518,2.5171999999999994
2.369,2.36516
2.504,2.5013299999999976
2.516,2.513799999999998
2.513,2.5083300000000013
2.478,2.4757000000000025
2.614,2.6094200000000023
2.465,2.465500000000001
2.523,2.527199999999999
2.63,2.6291499999999974
2.492,2.4906399999999977
2.521,2.5221899999999953
2.49,2.489950000000002
2.624,2.6268199999999986
2.474,2.471159999999998
2.628,2.6328099999999983
2.49,2.4890600000000034
2.414,2.4154499999999963
2.568,2.568360000000003
2.47,2.4663799999999996
2.562,2.561770000000003
2.501,2.496810000000002
2.454,2.453220000000001
2.394,2.3934500000000027
2.445,2.444989999999996
2.443,2.443050000000003
2.495,2.4923800000000025
2.363,2.36417
2.532,2.5319800000000035
2.637,2.6346100000000003
2.528,2.5301999999999976
2.581,2.5809399999999965
2.609,2.602030000000002
2.624,2.626939999999997
2.687,2.6831000000000027
2.45,2.445819999999997
2.428,2.431349999999998
2.578,2.581840000000002
2.571,2.5764999999999985
2.578,2.5786300000000013
2.689,2.687659999999998
2.501,2.496910000000003
2.543,2.5389600000000025
2.402,2.3982999999999963
2.714,2.7086599999999987
2.466,2.4654400000000023
2.469,2.4681199999999976
2.465,2.461950000000002
2.436,2.4362800000000027
2.427,2.425819999999999
2.448,2.4483900000000016
2.363,2.3639400000000004
2.421,2.4175399999999985
2.695,2.690359999999997
2.574,2.570940000000003
2.593,2.5886099999999974
2.618,2.617379999999999
2.683,2.680289999999996
2.323,2.3223500000000015
2.377,2.3788800000000028
2.42,2.417609999999996
2.453,2.453440000000002
2.47,2.4692799999999995
2.455,2.453700000000004
2.522,2.5197499999999993
2.504,2.5081499999999974
2.428,2.431149999999999
2.282,2.280080000000001
2.401,2.3964800000000013
2.445,2.4421299999999966
2.475,2.4806299999999983
2.387,2.3880500000000002
2.451,2.446949999999996
2.387,2.38904
2.487,2.4879199999999986
2.393,2.38925
2.415,2.416059999999998
2.369,2.368570000000001
2.485,2.4895700000000045
2.413,2.4112600000000026
2.591,2.5866400000000023
2.541,2.541369999999998
2.493,2.494409999999998
2.42,2.415119999999996
2.538,2.536040000000003
2.569,2.567599999999997
2.514,2.5140200000000035
2.66,2.6563699999999995
2.546,2.544269999999999
2.591,2.589560000000002
2.513,2.5125700000000024
2.568,2.565670000000003
2.42,2.4185399999999957
2.454,2.456540000000002
2.535,2.5384699999999984
2.534,2.5327499999999983
2.551,2.5466299999999964
2.61,2.6071600000000035
2.358,2.3596900000000023
2.403,2.407519999999997
2.523,2.5249599999999983
2.428,2.432549999999999
2.552,2.557049999999998
2.492,2.4852499999999966
2.448,2.444270000000002
2.452,2.449959999999999
2.503,2.5054399999999983
2.511,2.5124099999999983
2.454,2.4505700000000017
2.473,2.4749700000000026
2.634,2.632729999999995
2.638,2.6425300000000025
2.525,2.5191500000000016
2.366,2.366980000000004
2.554,2.551330000000001
2.655,2.6540500000000002
2.637,2.63421
2.573,2.5782200000000004
2.642,2.6394999999999977
2.505,2.504839999999997
2.563,2.563009999999996
2.432,2.434169999999996
2.529,2.531719999999998
2.633,2.6325900000000018
2.441,2.440910000000001
2.414,2.4142299999999954
2.51,2.5110199999999985
2.477,2.479970000000001
2.565,2.560669999999999
2.455,2.4593800000000035
2.672,2.669679999999999
2.371,2.3676600000000025
2.625,2.62697
2.424,2.4195800000000025
2.32,2.320249999999997
2.524,2.5187100000000004
2.475,2.4788699999999966
2.389,2.390620000000003
2.332,2.3292199999999967
2.499,2.5019899999999966
2.598,2.595650000000004
2.558,2.5585099999999974
2.506,2.5040099999999996
2.548,2.5515000000000008
2.497,2.5013100000000024
2.357,2.3532599999999992
2.358,2.3593500000000014
2.48,2.4810099999999973
2.484,2.485880000000002
2.585,2.586420000000002
2.576,2.5724099999999965
2.561,2.5583300000000015
2.472,2.4689200000000024
2.362,2.3635699999999984
2.541,2.5354499999999978
2.553,2.5583199999999993
2.417,2.41657
2.431,2.4300400000000035
2.512,2.510519999999999
2.42,2.4191299999999956
2.496,2.4935800000000032
2.479,2.477450000000005
2.484,2.4858600000000024
2.428,2.432399999999998
2.436,2.4369300000000025
2.392,2.391619999999998
2.538,2.5391400000000015
2.557,2.5589399999999953
2.423,2.4211400000000007
2.652,2.6518199999999954
2.469,2.468699999999997
2.653,2.655419999999998
2.436,2.435320000000003
2.297,2.2966999999999986
2.54,2.536989999999998
2.525,2.523510000000002
2.503,2.506369999999998
2.436,2.4391400000000023
2.497,2.5000400000000025
2.449,2.4504400000000044
2.47,2.47008
2.584,2.5816300000000014
2.518,2.5147900000000005
2.561,2.5614200000000036
2.477,2.4797300000000013
2.466,2.464310000000002
2.385,2.386629999999997
2.463,2.457879999999998
2.441,2.4414000000000002
2.492,2.4885999999999977
2.556,2.5537600000000027
2.473,2.474700000000005
2.535,2.5324099999999987
2.282,2.278220000000003
2.494,2.493719999999999
2.332,2.3262799999999983
2.379,2.375859999999998
2.481,2.4841199999999986
2.628,2.624309999999997
2.537,2.5380200000000026
2.502,2.499850000000003
2.498,2.4951199999999973
2.429,2.4242600000000016
2.446,2.4419199999999983
2.543,2.5402700000000022
2.361,2.357639999999997
2.559,2.5573799999999993
2.461,2.4613900000000037
2.583,2.5829499999999994
2.596,2.5983200000000024
2.333,2.336069999999999
2.442,2.441960000000002
2.414,2.4144999999999963
2.319,2.3193899999999976
2.397,2.3991599999999975
2.561,2.5581700000000036
2.692,2.693020000000003
2.583,2.581129999999999
2.426,2.4227899999999956
2.462,2.4624499999999983
2.559,2.5604499999999977
2.544,2.543110000000003
2.442,2.4415000000000036
2.349,2.350889999999998
2.486,2.4852099999999973
2.467,2.4655900000000046
2.511,2.512699999999998
2.476,2.4719599999999997
2.512,2.5112699999999997
2.629,2.6289199999999977
2.488,2.48718
2.384,2.3876699999999955
2.484,2.4829700000000026
2.454,2.4560100000000014
2.642,2.6405399999999988
2.617,2.619759999999997
2.511,2.512419999999998
2.372,2.370280000000002
2.377,2.371720000000002
2.502,2.503560000000003
2.534,2.537189999999998
2.463,2.4635399999999974
2.452,2.456269999999998
2.441,2.4413700000000005
2.498,2.498319999999997
2.39,2.3935999999999957
2.437,2.4358500000000034
2.621,2.6223800000000024
2.419,2.420940000000003
2.518,2.520309999999999
2.523,2.5243899999999977
2.63,2.632449999999998
2.626,2.6232400000000022
2.494,2.49173
2.452,2.4480299999999993
2.434,2.4363399999999986
2.476,2.47945
2.457,2.4598599999999973
2.555,2.5566600000000035
2.542,2.5376000000000003
2.559,2.560519999999999
2.626,2.6227600000000018
2.686,2.687910000000002
2.512,2.5122600000000004
2.61,2.606050000000004
2.465,2.464230000000002
2.619,2.619290000000001
2.606,2.6111599999999977
2.601,2.601960000000001
2.509,2.5124199999999948
2.433,2.4353099999999968
2.361,2.3637899999999967
2.496,2.5007600000000028
2.653,2.6499299999999977
2.469,2.465089999999998
2.579,2.5788200000000012
2.584,2.5820300000000014
2.472,2.4740700000000024
2.632,2.6323200000000027
2.378,2.3817999999999957
2.408,2.4092899999999973
2.418,2.417920000000003
2.534,2.5328699999999977
2.529,2.526129999999997
2.539,2.537629999999997
2.56,2.5608900000000006
2.405,2.40196
2.378,2.3761799999999975
2.54,2.537039999999998
2.437,2.4373600000000035
2.343,2.3409499999999985
2.597,2.590810000000001
2.64,2.637709999999995
2.656,2.6552600000000024
2.519,2.516740000000003
2.563,2.5634399999999964
2.637,2.63957
2.436,2.4361500000000027
2.611,2.608199999999998
2.528,2.5294099999999986
2.591,2.5885400000000023
2.519,2.5186800000000025
2.63,2.628289999999998
2.522,2.5247399999999978
2.352,2.354190000000003
2.645,2.648970000000003
2.405,2.40574
2.625,2.6288400000000007
2.491,2.4915100000000034
2.618,2.615769999999998
2.613,2.6162399999999995
2.543,2.5375900000000033
2.551,2.5555699999999955
2.542,2.5396900000000016
2.299,2.3031900000000043
2.512,2.5079100000000007
2.388,2.388030000000002
2.517,2.521719999999999
2.386,2.386779999999998
2.382,2.379530000000003
2.66,2.6569699999999994
2.607,2.6077500000000002
2.5,2.5061400000000003
2.518,2.5152700000000006
2.475,2.4752799999999975
2.557,2.5606499999999968
2.432,2.435489999999997
2.599,2.5988499999999974
2.475,2.4716799999999988
2.458,2.4580299999999995
2.502,2.5053400000000026
2.441,2.4417500000000008
2.533,2.5357099999999964
2.446,2.4496799999999994
2.547,2.543419999999999
2.622,2.619340000000003
2.428,2.4263899999999983
2.487,2.489179999999998
2.546,2.5432899999999994
2.456,2.459309999999998
2.546,2.544349999999999
2.556,2.5576400000000032
2.608,2.608030000000003
2.439,2.4453699999999974
2.406,2.408100000000002
2.469,2.4725499999999982
2.403,2.407429999999998
2.556,2.557650000000003
2.384,2.384019999999996
2.733,2.730520000000001
2.63,2.6303299999999985
2.501,2.4968400000000024
2.587,2.583539999999997
2.336,2.3394800000000036
2.441,2.441170000000001
2.488,2.4893400000000008
2.314,2.316179999999996
2.549,2.554630000000003
2.389,2.391570000000003
2.51,2.504709999999998
2.446,2.4457399999999994
2.392,2.3917199999999976
2.42,2.420379999999997
2.523,2.528659999999998
2.372,2.3708200000000037
2.425,2.426560000000002
2.566,2.5628000000000015
2.548,2.5487100000000025
2.408,2.405269999999997
2.463,2.4611299999999963
2.503,2.4980099999999954
2.465,2.461720000000003
2.59,2.5933300000000012
2.522,2.5204799999999987
2.591,2.592300000000001
2.469,2.466339999999997
2.633,2.629900000000003
2.483,2.4846400000000015
2.403,2.406599999999999
2.718,2.7178199999999992
2.318,2.3187000000000024
2.426,2.4225599999999967
2.437,2.440600000000002
2.681,2.686590000000002
2.649,2.65096
2.467,2.466260000000004
2.537,2.535810000000003
2.598,2.5946500000000037
2.518,2.5158400000000007
2.495,2.4908800000000024
2.475,2.471249999999998
2.479,2.4761200000000043
2.561,2.5592400000000026
2.537,2.535910000000002
2.497,2.493880000000003
2.651,2.647570000000002
2.551,2.5525599999999966
2.572,2.569040000000001
2.615,2.614940000000002
2.494,2.49291
2.521,2.524889999999995
2.599,2.6005199999999977
2.649,2.65213
2.47,2.4693200000000006
2.527,2.5283499999999957
2.668,2.664550000000003
2.288,2.2906200000000014
2.431,2.4317500000000027
2.647,2.649879999999998
2.609,2.6090700000000027
2.552,2.5525299999999986
2.455,2.456630000000003
2.412,2.411500000000003
2.441,2.4390700000000014
2.655,2.6558600000000006
2.437,2.4399400000000036
2.51,2.507839999999997
2.425,2.4299700000000026
2.584,2.5841600000000025
2.446,2.444189999999999
2.49,2.4924200000000014
2.332,2.3269799999999976
2.339,2.33864
2.501,2.504040000000002
2.367,2.3676799999999982
2.711,2.7074800000000043
2.294,2.2932400000000017
2.42,2.419739999999995
2.502,2.506870000000003
2.463,2.463339999999997
2.39,2.387809999999995
2.404,2.4057799999999974
2.401,2.395920000000001
2.471,2.467000000000002
2.695,2.693529999999999
2.508,2.510400000000003
2.618,2.6167799999999977
2.551,2.554149999999998
2.611,2.610419999999997
2.47,2.4653599999999996
2.631,2.629700000000001
2.443,2.440660000000004
2.676,2.6743499999999965
2.648,2.650529999999999
2.453,2.4546500000000013
2.45,2.454449999999998
2.399,2.3965900000000007
2.437,2.4388200000000024
2.377,2.3739800000000026
2.543,2.5464500000000028
2.354,2.3583200000000044
2.56,2.563130000000001
2.563,2.565969999999997
2.334,2.3328900000000012
2.655,2.6571999999999996
2.551,2.553549999999996
2.575,2.578229999999997
2.424,2.423480000000003
2.562,2.5671300000000024
2.613,2.6151400000000002
2.49,2.4904300000000017
2.7,2.703849999999996
2.504,2.504479999999999
2.614,2.6112700000000024
2.529,2.5282799999999988
2.559,2.5604399999999994
2.333,2.3336099999999993
2.537,2.5340200000000026
2.427,2.428749999999999
2.415,2.4159199999999994
2.674,2.676710000000002
2.479,2.480120000000003
2.4,2.3975900000000028
2.464,2.462019999999998
2.37,2.365170000000002
2.643,2.6452300000000006
2.43,2.4291400000000034
2.553,2.555459999999998
2.636,2.6347399999999976
2.45,2.4462399999999973
2.553,2.5546299999999986
2.397,2.3953299999999986
2.594,2.5911399999999962
2.481,2.483379999999998
2.423,2.427010000000001
2.489,2.4858200000000013
2.466,2.461640000000001
2.695,2.694699999999996
2.377,2.375580000000002
2.513,2.5096900000000018
2.498,2.4963499999999983
2.488,2.4892608333333333
2.489,2.4880600000000026
2.488,2.4861400000000007
2.587,2.5882599999999965
2.561,2.5612600000000025
2.542,2.540530000000001
2.53,2.5307600000000003
2.334,2.336160000000002
2.565,2.561839999999998
2.647,2.640699999999999
2.407,2.411250000000002
2.474,2.4700599999999984
2.44,2.438649999999999
2.624,2.623169999999999
2.51,2.5106099999999985
2.673,2.6741100000000024
2.541,2.538249999999998
2.524,2.5279499999999997
2.507,2.5078700000000014
2.582,2.583649999999998
2.326,2.3246799999999967
2.509,2.512199999999996
2.493,2.4968999999999975
2.573,2.5723000000000007
2.481,2.482226333333333
2.396,2.394399999999996
2.501,2.4987300000000014
2.392,2.3931999999999976
2.307,2.3121999999999967
2.573,2.575700000000001
2.558,2.5561699999999967
2.547,2.5419199999999984
2.63,2.626069999999998
2.433,2.430479999999996
2.357,2.3592499999999994
2.493,2.4898999999999996
2.465,2.4685200000000016
2.416,2.414919999999998
2.492,2.489359999999997
2.439,2.444679999999996
2.316,2.314900000000002
2.456,2.460319999999998
2.386,2.3805199999999997
2.523,2.525079999999998
2.434,2.4344799999999993
2.611,2.613649999999998
2.66,2.6600899999999985
2.568,2.5667000000000035
2.345,2.3448899999999986
2.651,2.647560000000003
2.658,2.6564799999999966
2.502,2.505150000000002
2.632,2.6349800000000028
2.445,2.4429899999999964
2.313,2.315129999999997
2.424,2.422250000000003
2.673,2.673620000000001
2.351,2.345729999999999
2.5,2.5031600000000003
2.503,2.504899999999998
2.449,2.446580000000003
2.456,2.4531399999999968
2.507,2.503850000000003
2.444,2.442049999999998
2.358,2.3612500000000014
2.522,2.518449999999997
2.607,2.60762
2.587,2.586169999999997
2.419,2.4158500000000025
2.375,2.3761999999999994
2.472,2.4691700000000014
2.657,2.6548900000000013
2.565,2.562389999999998
2.57,2.5674799999999953
2.589,2.5878899999999994
2.542,2.54327
2.512,2.51116
2.566,2.5642200000000006
2.445,2.4414099999999963
2.359,2.356370000000002
2.572,2.567090000000001
2.624,2.626779999999999
2.388,2.3898600000000023
2.582,2.5802499999999977
2.668,2.672590000000003
2.5,2.5051499999999995
2.418,2.417290000000003
2.512,2.514739999999999
2.445,2.4438699999999973
2.438,2.4424499999999973
2.543,2.5393200000000022
2.34,2.339130000000001
2.356,2.359739999999998
2.502,2.506080000000002
2.498,2.4949699999999977
2.534,2.5298099999999986
2.688,2.683229999999997
2.51,2.503819999999998
2.56,2.5629800000000014
2.402,2.399069999999995
2.577,2.578539999999998
2.447,2.4434700000000014
2.507,2.5076800000000024
2.489,2.487960000000002
2.603,2.602690000000002
2.369,2.36884
2.272,2.2734999999999976
2.479,2.474390000000005
2.547,2.5450899999999983
2.515,2.513259999999996
2.623,2.624469999999998
2.544,2.5404600000000035
2.444,2.444079999999997
2.267,2.2711499999999982
2.476,2.47788
2.603,2.6061100000000033
2.461,2.464780000000004
2.503,2.5042099999999987
2.542,2.5391200000000005
2.398,2.397569999999998
2.562,2.563700000000003
2.664,2.661999999999996
2.483,2.486210000000002
2.387,2.38844
2.493,2.492689999999998
2.278,2.2827399999999987
2.534,2.53287
2.545,2.5476199999999967
2.668,2.664640000000003
2.481,2.480109999999998
2.541,2.5391899999999987
2.414,2.4126299999999956
2.464,2.4647499999999996
2.347,2.3467000000000025
2.481,2.4833199999999973
2.469,2.4714099999999983
2.53,2.5324400000000007
2.438,2.438669999999998
2.508,2.5114400000000026
2.467,2.4669800000000026
2.467,2.4639400000000036
2.508,2.5087600000000028
2.504,2.5056699999999985
2.576,2.580079999999999
2.488,2.4852200000000004
2.465,2.462130000000001
2.482,2.4791200000000004
2.429,2.433110000000001
2.464,2.465919999999999
2.703,2.7016400000000003
2.409,2.412539999999998
2.472,2.470370000000002
2.461,2.4633800000000043
2.475,2.4760699999999978
2.467,2.4641700000000046
2.528,2.528389999999998
2.329,2.333570000000002
2.604,2.6004900000000055
2.563,2.5625399999999967
2.376,2.3800800000000013
2.273,2.2748899999999983
2.402,2.3984899999999967
2.476,2.47323
2.554,2.555000000000001
2.319,2.322539999999998
2.431,2.432380000000003
2.495,2.4924400000000033
2.525,2.527990000000003
2.369,2.3647800000000005
2.487,2.4867099999999973
2.428,2.4325899999999994
2.39,2.389629999999995
2.526,2.5271700000000035
2.577,2.57405
2.584,2.5842200000000006
2.557,2.5561199999999964
2.45,2.4456599999999984
2.571,2.5692099999999995
2.531,2.5341800000000028
2.513,2.5093600000000036
2.439,2.444329999999996
2.45,2.4530899999999973
2.507,2.5098400000000027
2.53,2.53059
2.439,2.439079999999998
2.417,2.4186100000000006
2.451,2.4527699999999957
2.718,2.7163999999999984
2.46,2.4611300000000016
2.591,2.589950000000002
2.462,2.462699999999997
2.526,2.529200000000003
2.579,2.584490000000003
2.443,2.438010000000003
2.436,2.437060000000004
2.666,2.663079999999999
2.598,2.593820000000004
2.579,2.577000000000001
2.579,2.578770000000003
2.546,2.546949999999998
2.702,2.7012899999999984
2.504,2.500979999999998
2.558,2.555019999999997
2.355,2.356849999999998
2.418,2.418710000000003
2.38,2.3779399999999966
2.627,2.6290800000000036
2.46,2.4611300000000007
2.417,2.4164600000000003
2.451,2.4475599999999975
2.638,2.639480000000002
2.54,2.53916
2.417,2.414540000000001
2.607,2.6090800000000014
2.502,2.500880000000002
2.504,2.505549999999998
2.38,2.3857099999999973
2.401,2.3997300000000026
2.417,2.41677
2.505,2.509399999999999
2.508,2.5069900000000023
2.654,2.6536099999999982
2.539,2.5381299999999962
2.526,2.527820000000003
2.355,2.357369999999998
2.403,2.405419999999999
2.419,2.4156800000000023
2.434,2.438509999999999
2.362,2.364279999999998
2.52,2.515770000000003
2.359,2.355610000000002
2.536,2.537620000000001
2.724,2.7257999999999964
2.367,2.3728599999999975
2.472,2.469070000000002
2.47,2.4665199999999996
2.564,2.5654399999999966
2.572,2.574030000000002
2.508,2.5075800000000026
2.589,2.5902599999999993
2.671,2.6711499999999986
2.448,2.446010000000002
2.355,2.352829999999997
2.459,2.4617600000000013
2.405,2.402180000000001
2.545,2.545029999999996
2.382,2.3879100000000024
2.493,2.4881399999999987
2.584,2.584820000000001
2.49,2.486310000000002
2.405,2.4069400000000005
2.617,2.6155699999999995
2.312,2.3120800000000026
2.467,2.4632200000000033
2.496,2.492740000000003
2.502,2.4992600000000023
2.518,2.522340000000001
2.561,2.5603500000000023
2.496,2.491050000000003
2.463,2.4636399999999967
2.459,2.4617100000000023
2.439,2.4372699999999976
2.579,2.578990000000001
2.435,2.4388700000000014
2.585,2.587840000000002
2.502,2.5066000000000024
2.448,2.444220000000001
2.562,2.5594600000000027
2.427,2.4329
2.564,2.5624799999999963
2.521,2.517439999999996
2.44,2.4398099999999996
2.553,2.5541499999999986
2.555,2.555340000000003
2.616,2.615510000000003
2.597,2.5930300000000015
2.549,2.551080000000003
2.387,2.39212
2.36,2.361440000000004
2.595,2.5980299999999996
2.543,2.541830000000003
2.383,2.3856100000000025
2.488,2.48824
2.492,2.4903799999999983
2.631,2.633319999999998
2.429,2.4267500000000015
2.474,2.4773999999999976
2.266,2.2691899999999987
2.673,2.671010000000001
2.393,2.3928000000000007
2.533,2.5362399999999967
2.49,2.4918500000000012
2.49,2.4907900000000027
2.581,2.578799999999997
2.667,2.6649899999999995
2.525,2.5275700000000025
2.566,2.5622000000000007
2.533,2.5325399999999965
2.602,2.6035800000000004
2.454,2.456320000000001
2.608,2.6047000000000007
2.611,2.6110299999999977
2.608,2.6060700000000026
2.434,2.4361899999999994
2.483,2.4841700000000024
2.524,2.5200000000000014
2.363,2.3653599999999995
2.659,2.6580299999999983
2.499,2.4999199999999973
2.528,2.529609999999997
2.442,2.443680000000002
2.367,2.366469999999998
2.44,2.4430699999999996
2.522,2.5204899999999975
2.567,2.564490000000002
2.516,2.514919999999998
2.535,2.5319399999999987
2.466,2.464300000000002
2.55,2.5452100000000026
2.648,2.64736
2.57,2.5677399999999966
2.581,2.584559999999998
2.529,2.5299099999999966
2.35,2.348049999999997
2.396,2.3929599999999946
2.545,2.542949999999996
2.499,2.4963599999999975
2.544,2.544650000000004
2.668,2.6627600000000022
2.573,2.577970000000001
2.626,2.6275100000000013
2.509,2.510739999999995
2.419,2.4150600000000026
2.494,2.49131
2.42,2.4207899999999962
2.656,2.657680000000002
2.579,2.581330000000001
2.552,2.548779999999999
2.624,2.6287799999999972
2.298,2.2974500000000004
2.559,2.5571599999999983
2.369,2.3706099999999997
2.499,2.5032299999999976
2.469,2.465309999999997
2.566,2.563810000000002
2.523,2.5189899999999983
2.635,2.6361599999999976
2.44,2.440869999999998
2.571,2.5682099999999997
2.516,2.515389999999998
2.336,2.333580000000003
2.408,2.4114299999999953
2.485,2.4815300000000047
2.611,2.6112999999999986
2.546,2.5453099999999984
2.383,2.382020000000003
2.486,2.4851099999999975
2.702,2.699519999999999
2.511,2.510179999999998
2.467,2.4663900000000036
2.549,2.5509100000000036
2.576,2.5786699999999967
2.454,2.450260000000002
2.55,2.5486400000000033
2.467,2.4673300000000036
2.572,2.5733400000000004
2.517,2.5161099999999976
2.548,2.545870000000002
2.424,2.421830000000002
2.418,2.4137800000000027
2.595,2.59191
2.492,2.4896199999999973
2.529,2.530649999999998
2.469,2.466299999999998
2.59,2.5889300000000013
2.439,2.4382399999999973
2.486,2.488369999999997
2.579,2.58264
2.617,2.611829999999997
2.448,2.4446400000000015
2.696,2.69912
2.531,2.5351100000000026
2.396,2.395809999999997
2.537,2.539260000000004
2.462,2.464409999999998
2.543,2.5412000000000035
2.496,2.4940900000000026
2.507,2.507350000000002
2.409,2.4114899999999984
2.599,2.594719999999998
2.384,2.3871999999999964
2.389,2.3880700000000017
2.537,2.5360800000000037
2.66,2.65991
2.465,2.463420000000002
2.57,2.5675799999999978
2.607,2.6055
2.581,2.584739999999998
2.469,2.4657799999999974
2.391,2.3883899999999985
2.279,2.277019999999999
2.474,2.4685299999999972
2.618,2.6162299999999976
2.388,2.3875000000000015
2.57,2.5727699999999967
2.405,2.40916
2.511,2.510339999999999
2.571,2.569849999999999
2.434,2.4357799999999985
2.517,2.515079999999998
2.458,2.4602899999999988
2.571,2.5677499999999984
2.524,2.52681
2.506,2.5094699999999994
2.656,2.649820000000001
2.566,2.5656500000000007
2.431,2.4343900000000036
2.491,2.494180000000004
2.492,2.4871899999999996
2.508,2.5092700000000026
2.537,2.5338600000000024
2.296,2.2965999999999993
2.446,2.4430699999999987
2.307,2.3033299999999968
2.467,2.4696800000000043
2.301,2.3002799999999963
2.413,2.4149100000000034
2.348,2.3474600000000048
2.538,2.5348700000000024
2.5,2.4989400000000006
2.53,2.5251
2.49,2.4877000000000025
2.361,2.365309999999997
2.551,2.5527199999999963
2.692,2.691650000000003
2.541,2.5377399999999986
2.457,2.4593699999999967
2.357,2.3625100000000003
2.409,2.4103799999999977
2.545,2.5445899999999977
2.607,2.6107600000000004
2.526,2.526850000000003
2.58,2.5835100000000053
2.571,2.567009999999999
2.551,2.548089999999996
2.434,2.436479999999998
2.517,2.5143499999999985
2.415,2.4139899999999996
2.502,2.5064300000000026
2.533,2.534679999999996
2.668,2.6642900000000025
2.369,2.36806
2.548,2.546950000000001
2.648,2.6516399999999987
2.576,2.571549999999996
2.583,2.583339999999999
2.559,2.555989999999999
2.63,2.6325299999999974
2.391,2.3877099999999976
2.361,2.359149999999997
2.499,2.4977699999999983
2.284,2.287569999999998
2.623,2.625439999999998
2.622,2.618210000000002
2.457,2.4565199999999985
2.463,2.4593099999999968
2.493,2.493169999999997
2.505,2.507859999999998
2.513,2.5152400000000013
2.556,2.559420000000003
2.483,2.4866600000000023
2.594,2.5900499999999975
2.545,2.5405699999999958
2.439,2.441729999999997
2.634,2.633969999999996
2.364,2.3653200000000023
2.491,2.4909500000000038
2.597,2.5987900000000015
2.428,2.433299999999999
2.531,2.5337700000000027
2.554,2.5565200000000012
2.414,2.4150399999999963
2.493,2.4903099999999987
2.484,2.484000000000003
2.445,2.4444799999999973
2.73,2.728329999999998
2.424,2.4203000000000032
2.6,2.6014199999999983
2.461,2.4626000000000023
2.391,2.386919999999999
2.51,2.5097599999999973
2.565,2.563979999999999
2.592,2.591660000000004
2.656,2.655670000000003
2.525,2.526830000000003
2.434,2.438149999999999
2.545,2.540069999999996
2.473,2.473440000000004
2.593,2.591569999999997
2.37,2.369200000000002
2.586,2.5811700000000037
2.332,2.3258499999999973
2.429,2.4317500000000014
2.582,2.585749999999997
2.618,2.620779999999998
2.373,2.3704199999999984
2.571,2.5676299999999994
2.305,2.3076100000000026
2.491,2.490600000000004
2.611,2.607909999999998
2.445,2.441719999999996
2.349,2.347509999999996
2.515,2.5141799999999943
2.44,2.4402999999999997
2.563,2.5625499999999963
2.411,2.4106599999999996
2.423,2.420900000000002
2.298,2.299010000000001
2.517,2.5136699999999976
2.484,2.4896400000000027
2.381,2.3850800000000008
2.519,2.5156500000000026
2.603,2.604810000000002
2.478,2.4749200000000027
2.527,2.5292299999999956
2.527,2.5289899999999967
2.38,2.382379999999998
2.706,2.707719999999997
2.453,2.4581000000000013
2.566,2.564320000000001
2.577,2.5792599999999983
2.486,2.4872099999999984
2.561,2.560900000000002
2.525,2.520430000000001
2.358,2.3561100000000024
2.467,2.467120000000003
2.439,2.442569999999998
2.454,2.453400000000001
2.37,2.369180000000002
2.613,2.6121999999999996
2.66,2.6546499999999993
2.598,2.6037600000000043
2.627,2.6277800000000027
2.466,2.4653500000000026
2.436,2.439340000000003
2.422,2.4232799999999983
2.564,2.564049999999997
2.523,2.524809999999998
2.492,2.4904899999999977
2.63,2.629249999999997
2.54,2.538529999999998
2.416,2.4169899999999993
2.432,2.431899999999997
2.568,2.5646300000000037
2.604,2.6052400000000038
2.555,2.550320000000003
2.69,2.686939999999997
2.664,2.6626199999999955
2.544,2.5431300000000046
2.416,2.4174499999999988
2.369,2.3698099999999998
2.461,2.462030000000003
2.575,2.576159999999997
2.683,2.679429999999997
2.542,2.54185
2.617,2.6132699999999973
2.475,2.4764899999999974
2.562,2.561650000000004
2.582,2.582649999999997
2.302,2.30064
2.459,2.4593800000000012
2.595,2.5923799999999995
2.527,2.5279699999999963
2.38,2.381099999999998
2.463,2.4619999999999975
2.493,2.492007499999999
2.412,2.4132700000000034
2.514,2.512660000000003
2.551,2.5555399999999966
2.567,2.5669800000000027
2.369,2.3700599999999987
2.47,2.46519
2.557,2.5635799999999973
2.549,2.545380000000003
2.547,2.544669999999999
2.462,2.4621499999999985
2.467,2.466090000000003
2.427,2.4323199999999994
2.577,2.57839
2.408,2.410249999999996
2.585,2.5854100000000018
2.521,2.5244999999999957
2.495,2.4917900000000013
2.434,2.4353599999999984
2.364,2.3687000000000022
2.435,2.438020000000001
2.467,2.4629300000000036
2.48,2.481739999999998
2.592,2.5883200000000026
2.557,2.5593599999999967
2.45,2.4473399999999965
2.505,2.505789999999999
2.444,2.442989999999996
2.515,2.5146999999999964
2.654,2.653829999999999
2.597,2.599210000000002
2.552,2.552449999999999
2.451,2.454209999999997
2.575,2.5708699999999967
2.331,2.3354099999999973
2.475,2.4780899999999977
2.558,2.556519999999997
2.574,2.5771500000000036
2.567,2.564870000000003
2.529,2.5292699999999986
2.48,2.474879999999997
2.554,2.5571600000000014
2.405,2.40231
2.416,2.4179099999999973
2.506,2.50467
2.517,2.5148699999999984
2.317,2.3158700000000025
2.546,2.5436799999999993
2.577,2.5730399999999993
2.492,2.490999999999998
2.432,2.431129999999997
2.464,2.464609999999999
2.46,2.461320000000002
2.492,2.493449999999998
2.467,2.465630000000004
2.359,2.3609900000000033
2.445,2.4428099999999984
2.49,2.487980000000003
2.623,2.6235899999999965
2.72,2.7221699999999998
2.634,2.6333699999999953
2.422,2.418539999999999
2.43,2.4251300000000025
2.484,2.486420000000002
2.678,2.6811399999999987
2.483,2.482480000000002
2.367,2.368509999999999
2.45,2.4497499999999963
2.576,2.5791399999999958
2.569,2.568359999999996
2.48,2.4808499999999976
2.568,2.566550000000004
2.273,2.2721699999999974
2.51,2.504729999999999
2.586,2.5830800000000034
2.417,2.4194800000000014
2.416,2.411449999999998
2.313,2.3145699999999967
2.659,2.65948
2.428,2.4309099999999986
2.524,2.5232200000000007
2.56,2.5646200000000006
2.651,2.644530000000002
2.485,2.4871600000000043
2.446,2.4488499999999984
2.517,2.521139999999999
2.628,2.6307199999999966
2.483,2.4821300000000024
2.405,2.4095200000000006
2.346,2.347100000000003
2.378,2.3810299999999973
2.586,2.584930000000004
2.468,2.466679999999998
2.439,2.4398199999999974
2.428,2.4307599999999985
2.509,2.5121399999999956
2.476,2.4777599999999995
2.473,2.4790400000000035
2.635,2.634369999999998
2.654,2.655669999999998
2.339,2.3414399999999986
2.533,2.534949999999997
2.422,2.4203499999999987
2.475,2.473209999999997
2.531,2.5328200000000036
2.479,2.4806300000000037
2.523,2.518659999999999
2.567,2.5666500000000023
2.529,2.5285799999999976
2.435,2.4347800000000017
2.437,2.435490000000003
2.356,2.3510199999999983
2.415,2.414209999999999
2.696,2.69082
2.421,2.420029999999999
2.381,2.37702
2.532,2.5360700000000027
2.489,2.4905600000000025
2.48,2.484739999999997
2.641,2.6411699999999967
2.555,2.5501200000000024
2.447,2.443990000000001
2.458,2.460039999999999
2.45,2.453209999999997
2.587,2.5863099999999988
2.469,2.468129999999997
2.321,2.3187099999999985
2.495,2.4908200000000025
2.346,2.348830000000001
2.718,2.7154
2.403,2.4068499999999986
2.484,2.485190000000002
2.526,2.5282500000000026
2.471,2.4707400000000006
2.471,2.4703800000000022
2.542,2.5430499999999996
2.653,2.6515299999999975
2.577,2.5787799999999987
2.648,2.643829999999998
2.395,2.395330000000003
2.532,2.530570000000003
2.516,2.512549999999997
2.535,2.536119999999998
2.638,2.6344200000000013
2.478,2.473130000000002
2.459,2.462250000000001
2.553,2.556649999999999
2.322,2.320280000000002
2.476,2.4751999999999996
2.487,2.4879224999999985
2.408,2.4077099999999962
2.606,2.6042199999999975
2.394,2.3945900000000027
2.486,2.4830299999999976
2.529,2.523579999999998
2.635,2.6326299999999976
2.499,2.493239999999999
2.594,2.592539999999998
2.57,2.5765099999999967
2.512,2.51054
2.391,2.3912999999999993
2.357,2.35946
2.511,2.5149799999999978
2.446,2.4388899999999993
2.592,2.593680000000004
2.575,2.569989999999996
2.482,2.4825199999999996
2.384,2.3847099999999957
2.551,2.554359999999997
2.398,2.3966399999999983
2.424,2.429120000000002
2.402,2.3986299999999954
2.486,2.4881499999999983
2.617,2.6162599999999974
2.499,2.5030099999999975
2.456,2.4589199999999973
2.347,2.346670000000002
2.555,2.557540000000003
2.422,2.419779999999999
2.512,2.51349
2.465,2.465770000000001
2.584,2.5836800000000015
2.484,2.4857000000000022
2.494,2.4892399999999997
2.549,2.550420000000004
2.711,2.7087500000000047
2.589,2.590029999999999
2.491,2.492460000000005
2.5,2.5003800000000003
2.448,2.4443400000000013
2.405,2.4108500000000004
2.445,2.4468499999999973
2.423,2.420820000000001
2.565,2.561769999999999
2.393,2.3976700000000006
2.633,2.6330400000000016
2.575,2.576959999999996
2.502,2.506160000000002
2.5,2.5040899999999997
2.444,2.4414399999999965
2.527,2.5288999999999966
2.609,2.6092900000000028
2.43,2.426230000000003
2.347,2.3433900000000008
2.57,2.567199999999997
2.532,2.5311800000000027
2.388,2.390170000000002
2.427,2.4212999999999987
2.414,2.414799999999996
2.428,2.4248799999999995
2.468,2.464799999999997
2.473,2.4690600000000043
2.435,2.436970000000002
2.424,2.4294000000000024
2.477,2.477390000000001
2.517,2.514829999999998
2.468,2.4707299999999974
2.616,2.620280000000004
2.551,2.547519999999996
2.341,2.3443600000000013
2.552,2.5532900000000005
2.561,2.556230000000002
2.457,2.457409999999997
2.35,2.3489099999999974
2.501,2.5037500000000015
2.499,2.5003199999999977
2.388,2.3864500000000017
2.355,2.3587199999999977
2.491,2.4909000000000026
2.477,2.4808600000000025
2.458,2.45958
2.492,2.495849999999997
2.39,2.387769999999996
2.457,2.459929999999997
2.553,2.5530199999999987
2.465,2.467690000000003
2.333,2.329459999999999
2.453,2.4553400000000014
2.393,2.392040000000001
2.527,2.5289799999999953
2.532,2.530620000000002
2.334,2.3396300000000023
2.576,2.5724499999999972
2.389,2.3886400000000023
2.656,2.653470000000002
2.495,2.4924100000000013
2.375,2.3736699999999997
2.386,2.3866499999999977
2.535,2.5361499999999975
2.461,2.4614000000000043
2.49,2.488780000000003
2.661,2.6566
2.43,2.4315400000000036
2.506,2.5015500000000004
2.642,2.6385599999999982
2.527,2.530519999999996
2.339,2.3396799999999986
2.551,2.5557799999999964
2.384,2.3843199999999958
2.641,2.637039999999997
2.418,2.416830000000003
2.647,2.6491199999999986
2.42,2.4185299999999965
2.502,2.504110000000003
2.575,2.5767799999999976
2.578,2.5797400000000015
2.544,2.5443700000000025
2.625,2.629980000000001
2.488,2.485359999999999
2.463,2.458839999999997
2.465,2.4672000000000014
2.586,2.5840500000000044
2.537,2.5408500000000025
2.529,2.524999999999998
2.58,2.581010000000004
2.295,2.297359999999997
2.531,2.5310200000000034
2.522,2.5230599999999974
2.667,2.67004
2.347,2.3433600000000023
2.656,2.6571300000000027
2.508,2.510660000000002
2.549,2.5454300000000036
2.668,2.6705200000000024
2.556,2.5618200000000035
2.54,2.5367999999999973
2.524,2.52034
2.452,2.454709999999999
2.497,2.497430000000001
2.428,2.425949999999999
2.496,2.493130000000003
2.266,2.268899999999998
2.543,2.543020000000004
2.488,2.48793
2.466,2.469080000000001
2.522,2.5255099999999984
2.357,2.36033
2.693,2.6887900000000036
2.49,2.491510000000003
2.485,2.486320000000004
2.403,2.3991599999999984
2.502,2.503900000000003
2.639,2.6401100000000026
2.604,2.6066900000000044
2.585,2.5850100000000023
2.555,2.556860000000004
2.464,2.465449999999999
2.355,2.3608099999999985
2.48,2.479789999999998
2.476,2.4749999999999996
2.605,2.6067999999999985
2.531,2.5329200000000025
2.661,2.658500000000001
2.62,2.6170000000000027
2.454,2.451590000000001
2.32,2.317669999999998
2.639,2.641810000000003
2.636,2.6354999999999977
2.363,2.36212
2.651,2.6522900000000034
2.538,2.541430000000002
2.516,2.514559999999999
2.661,2.6578700000000004
2.634,2.636719999999995
2.565,2.5638799999999993
2.547,2.5521899999999977
2.562,2.559800000000004
2.46,2.4585900000000023
2.494,2.4929000000000006
2.41,2.414759999999999
2.467,2.4647000000000046
2.463,2.459999999999998
2.436,2.436660000000004
2.514,2.5124600000000026
2.468,2.465969999999997
2.55,2.5500400000000036
2.338,2.3397399999999977
2.489,2.488680000000002
2.513,2.511230000000002
2.469,2.4690399999999983
2.483,2.4794800000000023
2.341,2.3413900000000014
2.536,2.5359500000000006
2.565,2.5629099999999982
2.549,2.5524300000000024
2.604,2.603320000000003
2.52,2.518700000000002
2.548,2.5510000000000015
2.516,2.5135299999999976
2.569,2.572099999999997
2.342,2.344580000000003
2.411,2.41384
2.659,2.6601899999999983
2.486,2.4878499999999972
2.617,2.613119999999999
2.491,2.4882900000000046
2.459,2.461400000000001
2.513,2.513810000000002
2.465,2.4636300000000015
2.503,2.5010199999999974
2.432,2.436209999999997
2.611,2.612459999999997
2.642,2.6436399999999987
2.487,2.4850999999999974
2.361,2.3632699999999973
2.448,2.445180000000002
2.482,2.4819
2.551,2.551939999999997
2.399,2.3956099999999996
2.423,2.4224400000000004
2.551,2.5518099999999975
2.594,2.5998499999999973
2.438,2.4394499999999977
2.367,2.3687099999999983
2.578,2.579940000000002
2.473,2.470860000000003
2.587,2.5868999999999973
2.488,2.48431
2.587,2.585389999999997
2.516,2.514299999999998
2.509,2.510299999999995
2.489,2.4870300000000016
2.355,2.3586499999999986
2.694,2.696599999999998
2.406,2.400510000000003
2.364,2.3661700000000017
2.479,2.4766100000000044
2.404,2.4045499999999977
2.495,2.492790000000002
2.569,2.564889999999997
2.6,2.599769999999998
2.581,2.5818599999999963
2.469,2.4735599999999973
2.505,2.508679999999998
2.541,2.536599999999998
2.324,2.3216400000000017
2.557,2.5565199999999972
2.354,2.352660000000005
2.704,2.701280000000001
2.46,2.462100000000002
2.482,2.4840499999999994
2.423,2.4200100000000013
2.437,2.4369200000000024
2.727,2.727970000000002
2.594,2.593469999999998
2.345,2.3461799999999995
2.65,2.6510600000000024
2.619,2.6140200000000022
2.472,2.4716100000000014
2.531,2.529410000000002
2.499,2.498829999999998
2.697,2.689960000000002
2.42,2.418609999999996
2.515,2.5158499999999964
2.457,2.4601799999999976
2.357,2.35985
2.719,2.7171799999999977
2.382,2.378550000000002
2.522,2.5177199999999975
2.326,2.3224999999999967
2.46,2.460930000000002
2.542,2.545720000000001
2.418,2.4150900000000015
2.559,2.5558099999999984
2.473,2.478530000000003
2.616,2.6157600000000043
2.636,2.633459999999999
2.441,2.4409400000000003
2.508,2.5081200000000026
2.518,2.51891
2.562,2.5623400000000034
2.501,2.502250000000001
2.519,2.5183600000000017
2.476,2.47273
2.512,2.51399
2.63,2.6306199999999973
2.565,2.5622
2.57,2.5721499999999975
2.572,2.570260000000001
2.485,2.484690000000003
2.532,2.5322600000000035
2.391,2.3890699999999985
2.627,2.627250000000002
2.491,2.489460000000005
2.614,2.6132600000000012
2.364,2.3637300000000026
2.54,2.5447699999999993
2.432,2.4288499999999975
2.463,2.462059999999998
2.595,2.5913100000000004
2.52,2.5161400000000014
2.297,2.296849999999998
2.402,2.3984899999999967
2.598,2.592150000000005
2.545,2.5484899999999957
2.675,2.679210000000004
2.668,2.662740000000003
2.466,2.4606300000000005
2.502,2.5027000000000017
2.404,2.405889999999998
2.437,2.436760000000003
2.274,2.27445
2.661,2.6613800000000003
2.659,2.6607999999999983
2.398,2.3958299999999983
2.477,2.4746900000000025
2.51,2.5107899999999983
2.404,2.4047399999999985
2.324,2.3238800000000035
2.479,2.480840000000004
2.468,2.465599999999997
2.461,2.4652000000000043
2.522,2.5244499999999976
2.643,2.6446199999999993
2.47,2.4737299999999998
2.517,2.5151999999999983
2.573,2.5724100000000023
2.555,2.549140000000003
2.439,2.439739999999998
2.51,2.510449999999997
2.555,2.554560000000004
2.387,2.3892
2.626,2.6267500000000013
2.643,2.6467299999999994
2.428,2.431169999999999
2.519,2.5157200000000035
2.564,2.5634999999999972
2.445,2.442249999999997
2.548,2.544270000000002
2.516,2.5134399999999975
2.353,2.3501900000000013
2.546,2.546859999999999
2.39,2.391349999999996
2.594,2.597549999999998
2.433,2.4364199999999965
2.484,2.478780000000002
2.637,2.6340799999999995
2.55,2.546180000000003
2.392,2.390169999999998
2.399,2.4027700000000003
2.44,2.438289999999999
2.539,2.5390299999999972
2.536,2.53506
2.416,2.418219999999999
2.383,2.379350000000002
2.528,2.5320099999999974
2.482,2.4854299999999996
2.716,2.7183800000000025
2.504,2.500439999999998
2.681,2.6833400000000025
2.383,2.387820000000003
2.343,2.336759999999998
2.388,2.3860400000000026
2.619,2.6169100000000016
2.676,2.674469999999996
2.422,2.419219999999998
2.454,2.4597700000000016
2.383,2.3832600000000017
2.319,2.322449999999997
2.572,2.567830000000002
2.522,2.522469999999997
2.501,2.4975800000000015
2.36,2.3590700000000044
2.664,2.6641399999999953
2.45,2.4463199999999974
2.553,2.554179999999999
2.355,2.3575799999999973
2.481,2.4834799999999975
2.529,2.5233999999999974
2.533,2.5313199999999965
2.515,2.5131199999999954
2.549,2.546820000000003
2.387,2.3875499999999987
2.52,2.5186200000000025
2.511,2.5104099999999976
2.523,2.523339999999998
2.507,2.5100600000000024
2.373,2.375409999999998
2.368,2.3728099999999985
2.279,2.2762199999999972
2.582,2.5849299999999973
2.583,2.58773
2.584,2.582790000000001
2.531,2.533350000000002
2.287,2.291600000000003
2.397,2.395099999999998
2.517,2.513649999999998
2.514,2.511390000000003
2.478,2.473090000000003
2.537,2.5399500000000037
2.501,2.497850000000002
2.512,2.50999
2.436,2.441500000000002
2.598,2.5950300000000044
2.457,2.458669999999997
2.367,2.3661099999999973
2.423,2.4275300000000004
2.465,2.466670000000001
2.599,2.598349999999998
2.496,2.495570000000002
2.481,2.4827299999999983
2.375,2.3743599999999994
2.579,2.585670000000001
2.435,2.4345800000000017
2.49,2.487520000000002
2.648,2.64997
2.551,2.547929999999997
2.337,2.3375799999999973
2.323,2.3243800000000006
2.494,2.4932999999999996
2.379,2.3835599999999966
2.565,2.567779999999999
2.504,2.5060099999999967
2.517,2.512679999999998
2.429,2.4330400000000005
2.674,2.6717000000000026
2.472,2.470760000000001
2.535,2.5393899999999974
2.51,2.513289999999998
2.474,2.474249999999998
2.417,2.4179
2.392,2.393949999999999
2.386,2.3867699999999976
2.541,2.5380699999999976
2.448,2.452050000000001
2.544,2.544450000000003
2.496,2.4962900000000032
2.635,2.6358899999999976
2.537,2.5386700000000024
2.352,2.3548300000000024
2.277,2.281849999999997
2.428,2.425929999999999
2.437,2.440050000000003
2.594,2.600069999999998
2.499,2.495319999999998
2.613,2.6112000000000006
2.368,2.374139999999999
2.597,2.594490000000001
2.572,2.5742600000000015
2.298,2.2968700000000006
2.632,2.631450000000001
2.509,2.507799999999995
2.539,2.5431599999999968
2.414,2.412769999999996
2.628,2.63443
2.381,2.384249999999999
2.583,2.5809399999999987
2.582,2.581989999999997
2.403,2.4057599999999986
2.698,2.6983100000000007
2.523,2.5197199999999986
2.565,2.566729999999998
2.347,2.3489500000000008
2.712,2.7094699999999983
2.378,2.3786999999999976
2.602,2.603140000000002
2.401,2.3977800000000027
2.438,2.4387999999999956
2.579,2.5829100000000027
2.603,2.601910000000002
2.373,2.370619999999998
2.609,2.6071400000000025
2.604,2.6024600000000038
2.406,2.4072000000000027
2.66,2.6599699999999995
2.354,2.358930000000003
2.438,2.439729999999997
2.548,2.546800000000001
2.415,2.416419999999998
2.526,2.5315300000000023
2.524,2.519550000000001
2.481,2.4811399999999977
2.583,2.5828599999999993
2.477,2.4800900000000023
2.523,2.5198699999999987
2.615,2.613460000000003
2.579,2.577980000000001
2.579,2.581100000000001
2.385,2.3874799999999974
2.552,2.554259999999998
2.412,2.412690000000003
2.372,2.3699600000000016
2.493,2.496229999999997
2.41,2.4094099999999976
2.579,2.579560000000002
2.581,2.582449999999996
2.31,2.3073400000000017
2.417,2.41493
2.354,2.348730000000003
2.454,2.457880000000001
2.546,2.551679999999998
2.476,2.4720499999999994
2.441,2.4399600000000023
2.63,2.6276699999999984
2.27,2.273430000000002
2.624,2.6196499999999996
2.446,2.4504299999999986
2.492,2.4919599999999975
2.447,2.444400000000002
2.654,2.6546199999999978
2.377,2.3765600000000022
2.501,2.499370000000002
2.553,2.5529299999999977
2.339,2.3358099999999995
2.408,2.4036899999999957
2.485,2.484140000000003
2.411,2.416380000000001
2.418,2.413940000000002
2.465,2.4689600000000023
2.565,2.5647099999999985
2.466,2.4654200000000013
2.608,2.603920000000002
2.4,2.396150000000002
2.375,2.3752300000000006
2.693,2.6904700000000026
2.434,2.4352899999999984
2.369,2.36933
2.326,2.329969999999997
2.608,2.611740000000002
2.466,2.4667900000000014
2.475,2.470649999999997
2.484,2.4888700000000017
2.601,2.60159
2.482,2.4849899999999994
2.513,2.511630000000002
2.606,2.6060999999999983
2.581,2.5850899999999966
2.496,2.494130000000002
2.441,2.4408800000000013
2.533,2.535439999999996
2.551,2.5516099999999957
2.443,2.445400000000004
2.517,2.520559999999998
2.624,2.6221999999999985
2.707,2.7064299999999974
2.585,2.584660000000002
2.686,2.6824600000000025
2.437,2.4385300000000028
2.57,2.5738799999999964
2.634,2.637569999999995
2.41,2.4106599999999974
2.451,2.448239999999997
2.674,2.677270000000002
2.402,2.397139999999997
2.366,2.367270000000004
2.653,2.6556099999999985
2.62,2.6237400000000033
2.543,2.5382300000000027
2.495,2.4949100000000026
2.456,2.4498999999999977
2.528,2.525159999999998
2.658,2.6581599999999965
2.524,2.529000000000001
2.717,2.7141400000000027
2.41,2.412169999999998
2.498,2.501909999999998
2.463,2.461639999999997
2.391,2.391299999999998
2.485,2.480150000000004
2.542,2.537980000000001
2.552,2.5575899999999994
2.717,2.716320000000002
2.546,2.541929999999998
2.615,2.6107400000000025
2.507,2.510300000000003
2.668,2.6621400000000026
2.553,2.5565399999999987
2.401,2.3983100000000026
2.445,2.441549999999998
2.528,2.5240599999999973
2.546,2.5420799999999977
2.57,2.5737599999999974
2.546,2.5427399999999976
2.501,2.496150000000002
2.436,2.4350400000000025
2.54,2.5389999999999984
2.685,2.68315
2.602,2.6062000000000016
2.553,2.5531099999999993
2.603,2.6049200000000017
2.463,2.4617799999999974
2.449,2.4460300000000044
2.425,2.4241100000000024
2.487,2.488779999999998
2.458,2.457529999999999
2.621,2.624490000000002
2.452,2.4495099999999996
2.42,2.419119999999997
2.694,2.6891199999999964
2.455,2.4560500000000034
2.515,2.511989999999995
2.545,2.543239999999996
2.386,2.3875399999999987
2.624,2.627869999999999
2.564,2.558949999999997
2.656,2.6560800000000024
2.432,2.427629999999996
2.51,2.510749999999998
2.504,2.5070899999999967
2.526,2.521770000000001
2.355,2.3612699999999975
2.511,2.512509999999998
2.357,2.3602399999999992
2.536,2.5337500000000004
2.287,2.294050000000002
2.315,2.3197599999999987
2.582,2.5851099999999976
2.445,2.4445899999999967
2.401,2.398010000000002
2.627,2.6282900000000025
2.533,2.5358499999999964
2.587,2.585359999999997
2.483,2.4790900000000016
2.44,2.4419399999999984
2.674,2.6727000000000034
2.494,2.491310000000001
2.335,2.332200000000001
2.548,2.5482400000000003
2.531,2.5305600000000026
2.395,2.3973600000000026
2.408,2.410779999999997
2.498,2.4930999999999983
2.535,2.5331499999999982
2.605,2.6079199999999974
2.451,2.453229999999997
2.367,2.369399999999996
2.594,2.5900199999999973
2.498,2.496499999999997
2.622,2.618630000000006
2.544,2.542100000000003
2.5,2.4956600000000004
2.485,2.4872800000000037
2.548,2.5495500000000013
2.459,2.4616500000000023
2.415,2.4150199999999984
2.561,2.5602400000000034
2.486,2.4900799999999976
2.503,2.503839999999998
2.609,2.610480000000002
2.489,2.488710000000002
2.502,2.506410000000002
2.44,2.4414699999999994
2.543,2.544660000000002
2.535,2.5339999999999985
2.59,2.5933300000000012
2.442,2.4437200000000034
2.454,2.4586400000000026
2.579,2.5794900000000016
2.525,2.524640000000003
2.409,2.404339999999998
2.631,2.6299099999999997
2.33,2.325010000000002
2.578,2.581660000000002
2.373,2.373969999999998
2.689,2.6846899999999976
2.346,2.343320000000003
2.615,2.611570000000002
2.492,2.4882399999999962
2.463,2.4608199999999982
2.519,2.5182800000000016
2.563,2.5582799999999977
2.41,2.4115199999999986
2.418,2.418390000000004
2.565,2.5652299999999975
2.329,2.332650000000002
2.442,2.4433200000000035
2.403,2.3992999999999984
2.615,2.612710000000003
2.441,2.440250000000002
2.551,2.553429999999995
2.565,2.5628999999999986
2.613,2.6129000000000007
2.48,2.4832499999999973
2.699,2.695740000000003
2.441,2.4389800000000004
2.523,2.5268799999999985
2.525,2.5280000000000022
2.388,2.3881600000000027
2.471,2.4682600000000017
2.516,2.5156499999999977
2.457,2.4624599999999983
2.416,2.4161399999999986
2.618,2.6164699999999987
2.586,2.5843900000000044
2.499,2.501459999999998
2.413,2.4139000000000035
2.423,2.418020000000001
2.448,2.450120000000001
2.321,2.3203099999999983
2.4,2.4031900000000026
2.352,2.3519700000000023
2.635,2.6343299999999976
2.562,2.556330000000003
2.579,2.5817700000000006
2.559,2.559299999999999
2.517,2.516539999999998
2.646,2.6461199999999967
2.439,2.4364299999999957
2.511,2.5071999999999988
2.575,2.5765499999999975
2.368,2.3651999999999975
2.503,2.5049299999999968
2.514,2.510610000000002
2.626,2.631120000000002
2.591,2.5882700000000005
2.504,2.5037499999999993
2.513,2.511830000000003
2.35,2.3512099999999987
2.444,2.443889999999998
2.552,2.5518299999999985
2.544,2.546070000000003
2.622,2.617090000000003
2.488,2.48508
2.361,2.3629099999999976
2.606,2.604499999999998
2.644,2.6429500000000026
2.59,2.5904400000000014
2.484,2.4851300000000007
2.604,2.600190000000004
2.512,2.515639999999999
2.369,2.36871
2.441,2.4404700000000012
2.563,2.5601599999999967
2.34,2.342670000000002
2.517,2.5114799999999984
2.538,2.5353400000000024
2.654,2.6581699999999984
2.631,2.631679999999999
2.586,2.583460000000004
2.284,2.278989999999999
2.592,2.5895800000000038
2.571,2.576869999999999
2.526,2.5241200000000026
2.327,2.3250099999999994
2.422,2.4226899999999985
2.383,2.387340000000003
2.298,2.299690000000001
2.5,2.50017
2.42,2.4172399999999956
2.483,2.485745000000002
2.629,2.628139999999998
2.343,2.3423099999999972
2.447,2.447500000000002
2.51,2.5119999999999982
2.409,2.408619999999998
2.458,2.4579799999999996
2.478,2.4776400000000023
2.477,2.478870000000001
2.686,2.6848000000000014
2.538,2.535980000000003
2.548,2.5444800000000005
2.554,2.553360000000002
2.561,2.560080000000003
2.492,2.488919999999997
2.468,2.462279999999997
2.517,2.5221699999999982
2.616,2.619800000000004
2.613,2.6137400000000004
2.476,2.47227
2.577,2.5794499999999987
2.481,2.4814199999999977
2.503,2.498839999999997
2.453,2.4471200000000017
2.482,2.4830599999999996
2.634,2.6336699999999964
2.509,2.5115799999999964
2.514,2.5157800000000026
2.355,2.356929999999998
2.469,2.4660199999999977
2.476,2.4720400000000002
2.417,2.418440000000001
2.502,2.501210000000003
2.457,2.4599099999999967
2.508,2.5081200000000035
2.512,2.5106300000000004
2.404,2.401419999999998
2.46,2.460960000000002
2.508,2.508550000000003
2.618,2.6140499999999975
2.526,2.521880000000002
2.434,2.437159999999998
2.54,2.539279999999998
2.671,2.6714499999999988
2.592,2.5911600000000026
2.555,2.5550300000000035
2.573,2.5717500000000006
2.644,2.646550000000002
2.608,2.6100300000000027
2.557,2.5511699999999977
2.607,2.60883
2.392,2.3937099999999982
2.35,2.3480599999999985
2.516,2.5124099999999983
2.507,2.5081100000000025
2.446,2.4474899999999984
2.583,2.5860099999999995
2.314,2.317729999999997
2.447,2.4445600000000014
2.452,2.4487199999999993
2.336,2.336910000000004
2.649,2.64803
2.364,2.3672900000000023
2.441,2.439650000000001
2.591,2.5898700000000003
2.565,2.569239999999999
2.389,2.3933400000000025
2.568,2.5669600000000043
2.529,2.5289299999999977
2.733,2.7304700000000013
2.54,2.5364599999999977
2.486,2.4851999999999985
2.414,2.415979999999997
2.426,2.4247599999999974
2.417,2.4143600000000016
2.637,2.634
2.502,2.4986400000000026
2.557,2.5605399999999956
2.651,2.6463600000000027
2.628,2.629279999999998
2.506,2.5064999999999995
2.544,2.543070000000002
2.417,2.4192100000000014
2.424,2.4202800000000035
2.549,2.5522600000000035
2.6,2.5950399999999987
2.627,2.6269700000000027
2.481,2.4821699999999973
2.44,2.436049999999999
2.422,2.420589999999998
2.451,2.4528999999999974
2.295,2.2961799999999983
2.428,2.429179999999998
2.444,2.4452199999999964
2.482,2.4836799999999997
2.513,2.509510000000002
2.536,2.534110000000001
2.499,2.5022599999999975
2.442,2.4438800000000027
2.304,2.3031500000000014
2.442,2.440890000000004
2.403,2.405619999999998
2.547,2.541289999999998
2.591,2.587920000000001
2.594,2.593779999999999
2.576,2.5772899999999965
2.487,2.4883499999999983
2.448,2.4460900000000017
2.425,2.4224800000000024
2.349,2.3490299999999986
2.599,2.5950599999999984
2.483,2.4788800000000006
2.375,2.37655
2.417,2.415970000000001
2.413,2.415030000000003
2.504,2.505789999999998
2.607,2.6078299999999994
2.465,2.4634700000000014
2.275,2.275990000000002
2.481,2.483899999999997
2.484,2.481950000000002
2.478,2.481620000000002
2.437,2.4370500000000033
2.522,2.519869999999997
2.507,2.507500000000001
2.498,2.497579999999998
2.541,2.5391799999999987
2.457,2.4572499999999975
2.451,2.4508899999999967
2.638,2.6333200000000017
2.556,2.5555600000000034
2.583,2.583979999999999
2.623,2.624869999999998
2.553,2.5551299999999975
2.593,2.5886599999999964
2.342,2.3443700000000036
2.52,2.519530000000003
2.482,2.4809899999999994
2.668,2.669780000000003
2.593,2.5929799999999976
2.437,2.441470000000004
2.537,2.534150000000002
2.517,2.516969999999999
2.545,2.545599999999996
2.398,2.3986799999999984
2.536,2.53397
2.477,2.481100000000002
2.528,2.5281799999999994
2.428,2.4318999999999984
2.441,2.440760000000002
2.617,2.6134399999999984
2.395,2.3920900000000023
2.402,2.403059999999995
2.495,2.4911100000000017
2.423,2.422800000000001
2.411,2.4121300000000008
2.511,2.5104599999999966
2.349,2.3483199999999975
2.399,2.3965200000000006
2.705,2.705000000000002
2.546,2.5408099999999987
2.425,2.426920000000003
2.542,2.544130000000001
2.557,2.555849999999996
2.599,2.5999599999999976
2.487,2.4864099999999985
2.598,2.6000300000000025
2.296,2.2923499999999994
2.394,2.392490000000002
2.516,2.5144999999999964
2.533,2.5334699999999972
2.409,2.4093299999999984
2.526,2.530200000000002
2.438,2.435709999999997
2.472,2.4722200000000023
2.602,2.6058500000000016
2.591,2.587550000000002
2.4,2.3963100000000024
2.394,2.390800000000001
2.459,2.461390000000002
2.497,2.494760000000004
2.434,2.4359799999999985
2.604,2.6060300000000027
2.535,2.5341399999999976
2.541,2.5386399999999982
2.373,2.3702799999999984
2.617,2.613859999999998
2.583,2.584199999999999
2.593,2.5896199999999983
2.457,2.454429999999997
2.627,2.6296500000000025
2.494,2.4980599999999993
2.506,2.50619
2.534,2.5333699999999975
2.634,2.634189999999997
2.57,2.571699999999998
2.409,2.404029999999998
2.514,2.515110000000003
2.419,2.4187500000000024
2.582,2.583589999999997
2.514,2.515250000000002
2.388,2.3909000000000025
2.508,2.510830000000002
2.415,2.413869999999998
2.515,2.513659999999996
2.414,2.413369999999996
2.503,2.5097099999999983
2.575,2.577759999999996
2.495,2.4927700000000024
2.461,2.4593700000000043
2.52,2.5171400000000026
2.57,2.5655499999999978
2.389,2.3936700000000015
2.526,2.5279000000000016
2.632,2.6335700000000015
2.557,2.5573599999999965
2.506,2.50754
2.564,2.5623899999999957
2.545,2.542049999999997
2.575,2.5766399999999963
2.298,2.294900000000001
2.345,2.3459399999999997
2.6,2.6013799999999985
2.349,2.347649999999998
2.54,2.536459999999998
2.465,2.462790000000001
2.4,2.405680000000003
2.535,2.5387599999999986
2.52,2.517360000000003
2.711,2.7099300000000044
2.438,2.4390199999999975
2.644,2.641380000000002
2.535,2.5335699999999988
2.434,2.432759999999999
2.58,2.582570000000004
2.557,2.5569199999999963
2.504,2.505459999999998
2.527,2.524379999999995
2.44,2.4408799999999973
2.417,2.4166000000000003
2.576,2.5779199999999975
2.478,2.482560000000002
2.492,2.488499999999998
2.528,2.524219999999998
2.527,2.5238399999999954
2.357,2.352939999999999
2.629,2.6313299999999975
2.512,2.5092400000000006
2.48,2.480889999999997
2.543,2.5436800000000024
2.524,2.52113
2.577,2.5822499999999984
2.554,2.5551200000000005
2.572,2.5712800000000002
2.635,2.632509999999998
2.588,2.591819999999998
2.484,2.4883900000000008
2.388,2.3927800000000032
2.667,2.6678299999999995
2.476,2.4741400000000002
2.453,2.4547600000000016
2.326,2.324559999999997
2.534,2.535699999999999
2.515,2.514299999999995
2.348,2.345190000000003
2.545,2.5408499999999967
2.45,2.4541099999999973
2.443,2.441620000000003
2.456,2.4596599999999977
2.413,2.4156900000000032
2.628,2.6269699999999974
2.463,2.4630999999999967
2.428,2.4320499999999985
2.571,2.572959999999999
2.362,2.3620699999999974
2.563,2.561759999999998
2.678,2.6798499999999983
2.557,2.5589199999999956
2.564,2.565069999999996
2.587,2.582699999999998
2.671,2.6714699999999993
2.621,2.6172600000000013
2.544,2.5452700000000017
2.59,2.5889400000000014
2.411,2.4111800000000008
2.578,2.5776500000000016
2.399,2.4000800000000004
2.463,2.462679999999997
2.54,2.5405299999999973
2.436,2.437280000000003
2.611,2.615139999999997
2.539,2.5420199999999955
2.612,2.6111999999999984
2.392,2.3884799999999986
2.604,2.6074000000000037
2.711,2.7048000000000036
2.576,2.574969999999997
2.579,2.57581
2.517,2.5171499999999982
2.448,2.4458200000000008
2.576,2.5779499999999973
2.349,2.3486199999999986
2.458,2.454699999999999
2.323,2.321440000000001
2.43,2.426460000000003
2.564,2.565669999999997
2.551,2.556439999999997
2.505,2.507749999999998
2.517,2.511819999999999
2.311,2.313550000000002
2.463,2.4598899999999984
2.432,2.4350099999999966
2.434,2.437199999999999
2.56,2.559310000000001
2.414,2.4157299999999964
2.44,2.4379499999999994
2.291,2.2871499999999982
2.471,2.4719400000000022
2.391,2.3923199999999993
2.508,2.510410000000002
2.405,2.40613
2.51,2.5100099999999976
2.486,2.4854599999999976
2.667,2.6646400000000003
2.55,2.552290000000003
2.316,2.3192600000000017
2.374,2.375739999999998
2.506,2.5071999999999997
2.407,2.409280000000001
2.635,2.6352899999999964
2.572,2.5691000000000006
2.552,2.554879999999999
2.439,2.439159999999998
2.543,2.541240000000003
2.43,2.431270000000003
2.52,2.516970000000001
2.408,2.4119199999999967
2.652,2.655029999999995
2.343,2.339449999999998
2.623,2.6207599999999975
2.504,2.505829999999998
2.451,2.4547599999999967
2.517,2.5206199999999983
2.573,2.5741200000000015
2.637,2.6356399999999995
2.531,2.5326900000000023
2.411,2.4103600000000007
2.506,2.5019100000000005
2.682,2.6800899999999968
2.635,2.6318099999999975
2.591,2.5894400000000015
2.58,2.5780800000000035
2.57,2.573119999999997
2.616,2.6134200000000045
2.454,2.456190000000002
2.364,2.361870000000003
2.507,2.5071000000000008
2.418,2.4176100000000034
2.394,2.3916500000000025
2.428,2.4244899999999983
2.514,2.518790000000003
2.536,2.5383900000000006
2.378,2.3743499999999966
2.316,2.3190600000000012
2.418,2.416100000000003
2.644,2.6463300000000025
2.533,2.5333199999999954
2.56,2.5610900000000014
2.574,2.5701800000000032
2.441,2.440900000000002
2.639,2.6382100000000026
2.437,2.439740000000003
2.641,2.6434499999999987
2.544,2.543020000000003
2.321,2.32243
2.425,2.4210800000000035
2.322,2.322610000000002
2.616,2.6113800000000036
2.498,2.4963799999999985
2.277,2.275579999999996
2.538,2.5350900000000025
2.446,2.444179999999999
2.352,2.3501300000000014
2.668,2.665630000000002
2.511,2.5099799999999983
2.471,2.469260000000002
2.46,2.4616200000000017
2.349,2.347399999999998
2.37,2.369760000000002
2.628,2.6280599999999947
2.453,2.4545900000000014
2.502,2.498920000000002
2.296,2.293079999999999
2.368,2.3665599999999984
2.561,2.559760000000003
2.538,2.534810000000002
2.675,2.670910000000003
2.634,2.630879999999994
2.477,2.480570000000003
2.547,2.5521999999999987
2.468,2.468599999999997
2.705,2.706950000000002
2.615,2.6162600000000023
2.517,2.5161399999999987
2.52,2.5179700000000027
2.644,2.6404100000000024
2.558,2.562779999999997
2.656,2.653670000000003
2.281,2.2788900000000023
2.546,2.542939999999997
2.448,2.4476500000000003
2.676,2.6773399999999965
2.655,2.6531399999999996
2.503,2.503559999999997
2.654,2.6549499999999973
2.678,2.6762599999999988
2.507,2.504300000000002
2.497,2.495560000000004
2.479,2.4731900000000038
2.587,2.5849899999999972
2.465,2.4637900000000017
2.509,2.5109899999999965
2.641,2.6474699999999984
2.502,2.504790000000001
2.33,2.3230800000000014
2.537,2.5355100000000017
2.43,2.428370000000003
2.587,2.5876599999999974
2.57,2.5716399999999964
2.647,2.648459999999998
2.591,2.5931300000000017
2.609,2.6115500000000007
2.433,2.436389999999998
2.58,2.581700000000004
2.697,2.700350000000002
2.431,2.437180000000003
2.68,2.678740000000003
2.445,2.440769999999996
2.415,2.414239999999999
2.53,2.52734
2.572,2.569270000000001
2.591,2.5924400000000003
2.404,2.408949999999998
2.543,2.5413600000000027
2.431,2.4374600000000033
2.351,2.349829999999999
2.407,2.4075900000000026
2.425,2.421950000000003
2.552,2.5550099999999984
2.615,2.6111800000000027
2.353,2.3558800000000013
2.535,2.533499999999998
2.382,2.3880300000000014
2.563,2.5595899999999965
2.438,2.438069999999997
2.395,2.3991400000000036
2.58,2.5823100000000045
2.441,2.4424700000000015
2.468,2.467229999999997
2.278,2.2760699999999985
2.595,2.5982200000000004
2.582,2.5834099999999967
2.501,2.4974300000000027
2.347,2.346240000000001
2.621,2.617800000000002
2.433,2.435769999999996
2.455,2.4588500000000035
2.731,2.726779999999997
2.43,2.4329800000000033
2.574,2.576540000000004
2.556,2.5561300000000036
2.539,2.5436099999999966
2.528,2.5287199999999976
2.538,2.5399400000000028
2.527,2.530519999999995
2.495,2.492520000000002
2.651,2.651340000000003
2.369,2.3682500000000006
2.602,2.6004300000000016
2.582,2.5793599999999968
2.57,2.5745699999999982
2.612,2.6083799999999986
2.491,2.492910000000005
2.313,2.3162099999999968
2.493,2.4895999999999976
2.401,2.3978900000000016
2.427,2.425309999999999
2.376,2.3802400000000015
2.452,2.4550599999999996
2.44,2.4376499999999983
2.57,2.5672799999999985
2.722,2.7207700000000004
2.561,2.5583900000000033
2.48,2.481699999999998
2.495,2.490970000000002
2.458,2.459859999999999
2.509,2.511349999999995
2.496,2.5004700000000017
2.416,2.416059999999998
2.668,2.6638200000000025
2.351,2.3498899999999994
2.572,2.569780000000002
2.49,2.4838900000000024
2.69,2.6928199999999993
2.534,2.534629999999998
2.464,2.46194
2.475,2.478469999999997
2.504,2.5043299999999986
2.386,2.390229999999997
2.423,2.4256800000000003
2.322,2.324400000000001
2.408,2.408729999999996
2.509,2.5120999999999962
2.53,2.5304199999999994
2.302,2.3051899999999983
2.486,2.487269999999998
2.556,2.5555400000000037
2.484,2.485250000000003
2.437,2.4392500000000017
2.459,2.460470000000002
2.446,2.4448899999999982
2.436,2.438030000000002
2.517,2.515689999999998
2.731,2.726439999999998
2.426,2.422379999999997
2.468,2.4673699999999976
2.495,2.4917200000000017
2.431,2.4250300000000014
2.61,2.6092200000000036
2.447,2.444050000000001
2.582,2.585839999999998
2.471,2.467820000000002
2.418,2.4164800000000035
2.544,2.545070000000002
2.591,2.5913200000000023
2.521,2.517119999999997
2.42,2.419699999999997
2.546,2.5505699999999982
2.46,2.4614000000000016
2.575,2.5775399999999973
2.648,2.6494999999999993
2.511,2.512629999999999
2.326,2.323369999999996
2.453,2.455170000000002
2.575,2.5784099999999968
2.496,2.4925700000000024
2.42,2.419189999999996
2.408,2.4132499999999966
2.659,2.6580499999999985
2.596,2.5989400000000016
2.694,2.6972399999999976
2.506,2.50566
2.529,2.5252599999999976
2.473,2.470060000000005
2.471,2.469910000000002
2.396,2.3948299999999962
2.508,2.5062000000000024
2.421,2.4246599999999985
2.544,2.546410000000003
2.517,2.512699999999997
2.529,2.5251399999999977
2.668,2.6665300000000025
2.496,2.4921500000000028
2.576,2.5705899999999975
2.705,2.7049300000000027
2.631,2.627469999999999
2.615,2.611840000000002
2.469,2.4649199999999976
2.523,2.520369999999998
2.368,2.367589999999998
2.55,2.5535800000000033
2.527,2.5307999999999966
2.502,2.5060500000000028
2.603,2.607150000000003
2.379,2.379949999999998
2.663,2.661510000000003
2.59,2.5948
2.493,2.4906299999999972
2.485,2.4833700000000043
2.548,2.5464900000000013
2.652,2.6497999999999955
2.51,2.508869999999998
2.514,2.511070000000003
2.502,2.4998500000000026
2.678,2.676279999999999
2.463,2.461889999999999
2.497,2.4921300000000017
2.646,2.646909999999997
2.515,2.5131499999999947
2.614,2.609230000000001
2.409,2.4097799999999983
2.479,2.4747100000000044
2.648,2.6479700000000004
2.432,2.4369899999999967
2.485,2.4865200000000045
2.526,2.5280700000000027
2.401,2.3984400000000017
2.459,2.459430000000001
2.511,2.5066999999999977
2.505,2.501299999999998
2.628,2.6300499999999967
2.654,2.6537099999999993
2.414,2.4101299999999966
2.511,2.513409999999998
2.567,2.564090000000003
2.652,2.6561499999999953
2.572,2.5674104999999985
2.529,2.529429999999998
2.567,2.567450000000002
2.567,2.5653700000000033
2.407,2.410470000000002
2.519,2.5176000000000025
2.646,2.643219999999998
2.479,2.481240000000004
2.513,2.51595
2.476,2.4736199999999986
2.269,2.2699300000000027
2.502,2.502430000000002
2.53,2.5358500000000004
2.449,2.4515600000000033
2.385,2.3860999999999986
2.412,2.4117600000000023
2.576,2.579689999999997
2.697,2.6999400000000007
2.638,2.6347000000000014
2.366,2.365280000000004
2.585,2.5844600000000013
2.434,2.435029999999998
2.442,2.4432200000000033
2.454,2.4509500000000015
2.571,2.5719799999999986
2.596,2.6001100000000013
2.49,2.4932700000000025
2.492,2.487569999999998
2.546,2.5472199999999985
2.557,2.5551099999999964
2.618,2.6135999999999977
2.372,2.368750000000003
2.502,2.5082200000000014
2.393,2.3902400000000004
2.495,2.495590000000002
2.477,2.475710000000003
2.495,2.497210000000002
2.42,2.417569999999996
2.351,2.3461399999999997
2.291,2.2946399999999985
2.487,2.484359999999998
2.457,2.456839999999996
2.432,2.4333099999999965
2.632,2.6363100000000026
2.414,2.4142199999999963
2.642,2.638499999999998
2.662,2.6628400000000028
2.305,2.2994900000000023
2.509,2.510419999999995
2.46,2.459910000000002
2.356,2.355689999999997
2.577,2.5792699999999984
2.702,2.700019999999999
2.59,2.590730000000002
2.532,2.531820000000003
2.498,2.494979999999997
2.668,2.6640900000000016
2.715,2.7117600000000004
2.441,2.4424100000000015
2.3,2.296700000000002
2.29,2.2922899999999986
2.632,2.626520000000003
2.495,2.4928800000000018
2.518,2.5153800000000004
2.321,2.31846
2.425,2.4204500000000007
2.47,2.4673599999999998
2.521,2.518259999999996
2.46,2.4581200000000005
2.396,2.3987899999999964
2.422,2.418599999999998
2.621,2.6234300000000026
2.524,2.5275300000000005
2.561,2.5616300000000023
2.41,2.412359999999998
2.448,2.450910000000002
2.413,2.412190000000003
2.535,2.5346399999999987
2.57,2.567472499999998
2.557,2.5606999999999958
2.437,2.439250000000003
2.535,2.535159999999998
2.678,2.6790799999999986
2.683,2.681049999999997
2.442,2.4433500000000032
2.525,2.5209700000000024
2.357,2.3604200000000004
2.582,2.585269999999998
2.655,2.653809999999999
2.504,2.5089399999999977
2.433,2.429909999999998
2.536,2.537760000000001
2.542,2.53745
2.508,2.508780000000002
2.518,2.5156400000000003
2.483,2.4850100000000017
2.6,2.6020399999999984
2.574,2.5765700000000034
2.402,2.3988199999999966
2.399,2.3953800000000003
2.475,2.479439999999997
2.574,2.576410000000003
2.515,2.5153999999999956
2.436,2.4412000000000034
2.526,2.5276800000000024
2.467,2.4675100000000034
2.588,2.586539999999997
2.533,2.5324199999999952
2.468,2.4692399999999988
2.523,2.5267899999999983
2.632,2.6314100000000025
2.443,2.4439000000000024
2.54,2.543879999999999
2.493,2.4912799999999975
2.543,2.541120000000003
2.435,2.433260000000001
2.511,2.511309999999998
2.611,2.6105099999999974
2.406,2.4103900000000014
2.367,2.3693099999999974
2.371,2.3722000000000016
2.383,2.384540000000002
2.56,2.5613900000000007
2.359,2.3608500000000023
2.47,2.4663999999999993
2.562,2.5576400000000015
2.542,2.5431600000000008
2.461,2.4637300000000044
2.519,2.520000000000002
2.511,2.5154399999999972
2.478,2.4730500000000024
2.479,2.4826600000000045
2.724,2.7234799999999972
2.581,2.580409999999998
2.45,2.4544099999999975
2.492,2.496199999999998
2.367,2.366669999999998
2.419,2.418770000000003
2.69,2.6904899999999987
2.448,2.4464600000000005
2.692,2.695280000000003
2.376,2.3789900000000013
2.395,2.392510000000003
2.466,2.468070000000002
2.494,2.4946600000000005
2.592,2.5910200000000025
2.545,2.541659999999996
2.458,2.461579999999999
2.487,2.486949999999998
2.468,2.465419999999999
2.409,2.4104299999999985
2.411,2.4106300000000003
2.603,2.6049600000000033
2.317,2.315960000000003
2.662,2.6595300000000037
2.466,2.4664000000000015
2.423,2.42162
2.574,2.570630000000003
2.649,2.64881
2.612,2.6086499999999977
2.55,2.5479400000000036
2.609,2.611750000000002
2.328,2.332580000000002
2.448,2.4522300000000015
2.409,2.4114799999999996
2.622,2.626060000000002
2.462,2.461799999999997
2.585,2.582780000000001
2.554,2.556760000000001
2.414,2.4148099999999957
2.441,2.4397100000000007
2.629,2.6280699999999992
2.422,2.4179999999999993
2.512,2.5104499999999996
2.422,2.4199399999999986
2.469,2.4693299999999976
2.495,2.4984500000000027
2.422,2.418199999999999
2.404,2.4072399999999985
2.529,2.530769999999998
2.416,2.4190899999999984
2.419,2.4156900000000014
2.406,2.413380000000002
2.492,2.4922199999999974
2.594,2.5937599999999987
2.651,2.651010000000002
2.427,2.4286099999999977
2.715,2.7150700000000008
2.4,2.3996600000000017
2.608,2.6056900000000014
2.428,2.429759999999999
2.413,2.4132900000000017
2.426,2.428549999999996
2.495,2.4901000000000026
2.558,2.5532699999999973
2.567,2.5645300000000035
2.406,2.4095400000000016
2.401,2.398040000000003
2.408,2.406249999999997
2.489,2.4887600000000036
2.479,2.477740000000003
2.405,2.40752
2.527,2.528579999999996
2.726,2.721939999999999
2.45,2.447899999999996
2.457,2.4540699999999966
2.556,2.561650000000002
2.444,2.439509999999997
2.567,2.5657100000000024
2.428,2.4295799999999996
2.683,2.6834799999999976
2.534,2.5368699999999986
2.438,2.439189999999997
2.441,2.4414400000000005
2.449,2.454900000000003
2.637,2.6356200000000007
2.373,2.372239999999997
2.433,2.433329999999997
2.444,2.4431599999999967
2.498,2.5021699999999982
2.473,2.470470000000004
2.351,2.3523300000000003
2.46,2.461580000000001
2.49,2.4895100000000037
2.437,2.438040000000003
2.569,2.5669299999999975
2.592,2.588590000000003
2.492,2.497469999999998
2.523,2.520509999999998
2.284,2.288039999999999
2.458,2.4596599999999995
2.6,2.600439999999998
2.458,2.4600799999999987
2.426,2.429379999999998
2.728,2.7272600000000007
2.682,2.6777699999999975
2.547,2.541979999999998
2.614,2.612610000000001
2.277,2.275229999999996
2.421,2.418939999999998
2.453,2.4525300000000017
2.476,2.4715499999999992
2.451,2.449699999999997
2.539,2.5347799999999965
2.554,2.556010000000001
2.66,2.6582299999999974
2.421,2.4236699999999978
2.413,2.4157700000000024
2.471,2.465790000000001
2.59,2.590340000000001
2.439,2.441319999999998
2.714,2.7154599999999998
2.474,2.471099999999998
2.515,2.515859999999996
2.364,2.3654400000000018
2.529,2.5250599999999976
2.302,2.3062699999999983
2.569,2.564879999999996
2.572,2.574690000000002
2.636,2.636799999999998
2.398,2.398909999999999
2.516,2.513729999999997
2.556,2.5588400000000027
2.544,2.5490600000000034
2.413,2.4138800000000025
2.535,2.5382899999999995
2.485,2.4850400000000046
2.443,2.4427100000000035
2.576,2.5718099999999957
2.496,2.496190000000002
2.368,2.3672999999999975
2.307,2.3128899999999977
2.387,2.3849199999999997
2.572,2.570740000000001
2.519,2.5168600000000025
2.482,2.4833200000000004
2.475,2.4789099999999973
2.617,2.613499999999998
2.451,2.4562399999999975
2.558,2.557209999999997
2.465,2.4632300000000016
2.694,2.6978099999999987
2.574,2.5768200000000037
2.625,2.6267899999999997
2.442,2.4427500000000024
2.606,2.6049599999999975
2.469,2.468199999999997
2.511,2.5105099999999974
2.664,2.6629099999999966
2.396,2.395409999999997
2.52,2.5181300000000024
2.544,2.548360000000002
2.552,2.5548799999999976
2.455,2.452150000000003
2.709,2.707610000000001
2.371,2.3714700000000017
2.646,2.6524199999999962
2.622,2.6233300000000033
2.69,2.6859800000000007
2.341,2.3413400000000006
2.413,2.4163000000000032
2.649,2.6519400000000006
2.312,2.314470000000003
2.339,2.34311
2.451,2.448309999999997
2.519,2.515810000000003
2.659,2.658739999999998
2.481,2.4825699999999986
2.439,2.4379799999999974
2.531,2.5321700000000025
2.547,2.5498299999999987
2.544,2.5419600000000036
2.482,2.4860999999999995
2.304,2.3042700000000007
2.408,2.4141899999999974
2.642,2.6414499999999994
2.519,2.5144700000000024
2.468,2.468369999999998
2.612,2.612359999999999
2.387,2.3893100000000005
2.477,2.4801400000000013
2.514,2.514200000000002
2.456,2.460659999999999
2.51,2.5098099999999977
2.481,2.4845899999999976
2.36,2.3605900000000046
2.518,2.5157200000000013
2.367,2.3668699999999983
2.517,2.5163499999999983
2.637,2.6391499999999994
2.472,2.4692500000000006
2.383,2.385760000000002
2.487,2.4858
2.417,2.4139500000000003
2.559,2.562889999999998
2.485,2.484020000000005
2.671,2.6737099999999976
2.616,2.620590000000005
2.485,2.482030000000005
2.572,2.573740000000002
2.461,2.463060000000004
2.503,2.504899999999999
2.464,2.46148
2.577,2.5761199999999986
2.643,2.6375500000000005
2.58,2.5830500000000045
2.592,2.586640000000004
2.592,2.591970000000004
2.555,2.5555700000000034
2.386,2.3872299999999984
2.67,2.6662599999999963
2.68,2.675550000000004
2.477,2.478700000000002
2.463,2.464219999999996
2.561,2.5610800000000027
2.555,2.555690000000003
2.48,2.476729999999997
2.375,2.3778300000000003
2.531,2.5330500000000025
2.555,2.5585850000000043
2.573,2.577110000000001
2.535,2.536119999999997
2.473,2.475790000000005
2.599,2.602279999999997
2.507,2.509700000000002
2.454,2.4572900000000018
2.482,2.48378
2.325,2.323569999999998
2.482,2.4843599999999997
2.569,2.5654299999999974
2.534,2.5354799999999984
2.652,2.648039999999996
2.474,2.4721799999999976
2.549,2.5458800000000035
2.579,2.5829600000000017
2.514,2.514790000000003
2.396,2.3951199999999955
2.585,2.589060000000002
2.687,2.6857000000000046
2.468,2.467159999999997
2.584,2.585670000000001
2.623,2.627879999999997
2.602,2.601170000000002
2.513,2.5113900000000022
2.43,2.4319700000000024
2.492,2.492349999999998
2.546,2.547039999999998
2.591,2.5892500000000016
2.533,2.5306199999999963
2.462,2.4621099999999974
2.556,2.5580900000000035
2.586,2.588190000000005
2.538,2.5354500000000026
2.416,2.4173299999999984
2.482,2.485169999999999
2.595,2.5948499999999997
2.362,2.364769999999998
2.291,2.2974199999999976
2.651,2.651460000000002
2.551,2.5530699999999964
2.561,2.5624100000000025
2.392,2.392979999999998
2.574,2.578130000000004
2.528,2.5277699999999976
2.342,2.3428000000000035
2.642,2.6385199999999975
2.516,2.5136299999999987
2.46,2.4639300000000017
2.462,2.464859999999997
2.298,2.297460000000001
2.559,2.558279999999999
2.526,2.529920000000001
2.481,2.482469999999998
2.628,2.6294899999999957
2.362,2.362599999999998
2.44,2.438859999999999
2.415,2.4161199999999985
2.472,2.4682000000000013
2.507,2.507950000000002
2.543,2.5418700000000034
2.465,2.463650000000002
2.412,2.4089100000000023
2.669,2.666480000000003
2.514,2.512410000000001
2.424,2.4300500000000014
2.648,2.6473599999999986
2.355,2.358909999999998
2.467,2.4626700000000032
2.43,2.432190000000003
2.384,2.3814899999999968
2.472,2.4675000000000016
2.414,2.4162799999999978
2.501,2.5027000000000013
2.503,2.5050099999999973
2.438,2.4402599999999963
2.463,2.465709999999997
2.477,2.4801300000000017
2.581,2.5811099999999967
2.485,2.486720000000004
2.582,2.5806699999999982
2.559,2.5626399999999974
2.557,2.559249999999998
2.639,2.635590000000001
2.388,2.3876200000000023
2.453,2.4569500000000013
2.676,2.6727399999999966
2.474,2.470349999999998
2.48,2.4837299999999987
2.513,2.510720000000002
2.633,2.6350100000000016
2.429,2.43334
2.533,2.5367699999999953
2.477,2.4768700000000017
2.371,2.3708100000000014
2.393,2.39213
2.406,2.409820000000001
2.609,2.606280000000002
2.485,2.4816000000000047
2.448,2.4444200000000023
2.407,2.4103400000000033
2.62,2.6194000000000024
2.646,2.6444399999999972
2.618,2.6198299999999977
2.549,2.5521200000000026
2.529,2.5313899999999974
2.378,2.376359999999999
2.475,2.474069999999998
2.432,2.433029999999997
2.317,2.318190000000003
2.606,2.613159999999999
2.43,2.4302400000000035
2.62,2.623370000000002
2.588,2.5869699999999964
2.556,2.550490000000003
2.561,2.5577000000000023
2.438,2.4389299999999965
2.686,2.686700000000003
2.504,2.5011299999999967
2.53,2.533640000000001
2.435,2.4341800000000013
2.407,2.4076700000000026
2.548,2.5443000000000007
2.522,2.518759999999998
2.421,2.4159399999999978
2.356,2.3525099999999988
2.373,2.3718599999999985
2.62,2.6213300000000017
2.439,2.4331799999999983
2.466,2.466690000000002
2.645,2.6444600000000027
2.388,2.390120000000002
2.427,2.426279999999998
2.423,2.4265800000000017
2.662,2.661860000000001
2.699,2.7038700000000038
2.575,2.5775499999999965
2.578,2.5795100000000013
2.442,2.441030000000003
2.695,2.6917599999999977
2.527,2.5221299999999967
2.585,2.582820000000002
2.489,2.490920000000001
2.473,2.4691800000000037
2.666,2.6701899999999994
2.554,2.5551400000000015
2.645,2.6490000000000014
2.526,2.5211400000000013
2.415,2.4108099999999992
2.442,2.4386200000000016
2.51,2.5104899999999986
2.437,2.436610000000002
2.389,2.3898200000000007
2.62,2.622990000000002
2.446,2.44369
2.514,2.5140000000000033
2.53,2.5256799999999986
2.441,2.43989
2.645,2.6442200000000016
2.388,2.381910000000002
2.526,2.5220100000000016
2.525,2.5222600000000015
2.495,2.494430000000002
2.37,2.3694000000000024
2.587,2.5858699999999977
2.574,2.5705600000000026
2.432,2.4365399999999973
2.571,2.569849999999999
2.537,2.532740000000003
2.372,2.371410000000003
2.415,2.4176699999999984
2.614,2.610270000000001
2.531,2.5342200000000026
2.444,2.443119999999997
2.414,2.4167899999999976
2.448,2.445850000000002
2.456,2.459579999999997
2.415,2.413629999999999
2.326,2.322609999999997
2.614,2.6145300000000025
2.597,2.6009400000000023
2.373,2.3690199999999986
2.514,2.5139400000000025
2.41,2.410049999999998
2.474,2.4769599999999974
2.466,2.4629600000000007
2.457,2.457939999999997
2.7,2.6980299999999975
2.456,2.458299999999997
2.419,2.414640000000002
2.424,2.423960000000003
2.604,2.605650000000004
2.335,2.3385000000000016
2.424,2.4230200000000024
2.645,2.647780000000001
2.524,2.5281999999999996
2.519,2.520550000000003
2.713,2.7166499999999987
2.525,2.5250700000000026
2.429,2.423210000000001
2.472,2.4683600000000028
2.386,2.389349999999997
2.626,2.6299800000000015
2.557,2.5614399999999966
2.612,2.609779999999997
2.621,2.625540000000001
2.459,2.456240000000001
2.406,2.401390000000003
2.495,2.4912700000000023
2.413,2.4113500000000028
2.516,2.5129599999999983
2.613,2.610210000000001
2.483,2.483550000000003
2.515,2.513959999999996
2.491,2.4870100000000046
2.58,2.580780000000004
2.433,2.434709999999997
2.28,2.2785100000000007
2.547,2.5495499999999978
2.599,2.6008399999999976
2.545,2.5454099999999955
2.436,2.440000000000003
2.386,2.387619999999998
2.549,2.544910000000003
2.514,2.5136900000000035
2.487,2.4836299999999976
2.682,2.6778899999999974
2.405,2.4038700000000013
2.678,2.6810799999999997
2.503,2.504279999999996
2.316,2.3151000000000015
2.482,2.481909999999999
2.596,2.6002900000000015
2.463,2.464079999999997
2.353,2.348250000000002
2.484,2.484900000000002
2.414,2.4134799999999963
2.549,2.545470000000003
2.577,2.5751899999999988
2.394,2.393530000000002
2.429,2.4262300000000008
2.576,2.5781899999999967
2.414,2.413789999999997
2.392,2.3917899999999985
2.382,2.3860400000000026
2.535,2.536999999999998
2.531,2.527980000000002
2.432,2.4349499999999975
2.501,2.501710000000003
2.653,2.653259999999999
2.403,2.3992399999999976
2.305,2.303670000000004
2.546,2.540709999999999
2.489,2.4904800000000007
2.429,2.4338800000000007
2.565,2.567949999999999
2.584,2.5844500000000012
2.279,2.2768499999999987
2.435,2.434690000000001
2.732,2.729560000000001
2.558,2.5591299999999975
2.568,2.5654700000000035
2.617,2.613789999999997
2.502,2.4978700000000007
2.58,2.581210000000003
2.572,2.567180000000001
2.554,2.5557600000000007
2.468,2.4651199999999975
2.517,2.5135799999999984
2.441,2.4424400000000013
2.501,2.5044600000000017
2.383,2.3872800000000023
2.421,2.423939999999998
2.472,2.4729500000000018
2.406,2.4083100000000037
2.449,2.4467200000000036
2.484,2.482770000000003
2.54,2.5403499999999983
2.595,2.5920500000000004
2.454,2.4544200000000007
2.634,2.632839999999997
2.594,2.592279999999997
2.55,2.5496500000000037
2.515,2.513209999999995
2.532,2.532790000000003
2.619,2.617960000000002
2.622,2.624020000000003
2.633,2.6305400000000025
2.504,2.5053899999999976
2.555,2.558230000000003
2.634,2.633919999999995
2.438,2.439859999999996
2.468,2.4670599999999987
2.502,2.503040000000002
2.59,2.587370000000001
2.592,2.5925300000000044
2.477,2.480890000000002
2.349,2.3536699999999975
2.525,2.523920000000002
2.408,2.4090699999999963
2.351,2.3488199999999986
2.374,2.370449999999998
2.533,2.537599999999997
2.636,2.6324999999999985
2.504,2.506699999999998
2.521,2.518699999999995
2.618,2.618109999999998
2.346,2.344320000000002
2.552,2.554899999999998
2.499,2.496309999999998
2.557,2.5610799999999965
2.452,2.456679999999999
2.418,2.422320000000003
2.514,2.5132100000000026
2.665,2.666169999999998
2.586,2.5834400000000026
2.449,2.447190000000003
2.366,2.366940000000004
2.332,2.336909999999998
2.632,2.635190000000002
2.404,2.4006299999999974
2.467,2.469500000000005
2.632,2.6319600000000025
2.339,2.3401499999999986
2.649,2.650640000000001
2.475,2.471319999999998
2.385,2.3862499999999978
2.475,2.477309999999998
2.428,2.424549999999999
2.544,2.541900000000003
2.435,2.4346600000000014
2.309,2.3040199999999986
2.478,2.481680000000002
2.364,2.362210000000002
2.52,2.515270000000002
2.381,2.3776400000000004
2.451,2.447969999999998
2.518,2.51577
2.479,2.4839150000000036
2.525,2.5274500000000018
2.568,2.5665700000000022
2.384,2.386689999999996
2.494,2.49494
2.525,2.5244300000000024
2.47,2.4660399999999982
2.402,2.398199999999996
2.532,2.5318300000000007
2.617,2.619889999999998
2.452,2.4490699999999994
2.406,2.4101800000000027
2.517,2.5172299999999983
2.366,2.3694100000000042
2.434,2.4360599999999986
2.622,2.6246900000000024
2.506,2.5085100000000007
2.312,2.3136900000000034
2.32,2.315839999999997
2.516,2.5215199999999967
2.586,2.5855100000000046
2.338,2.3399099999999966
2.545,2.5426699999999953
2.633,2.6307200000000024
2.689,2.6904799999999973
2.533,2.536019999999996
2.551,2.551169999999997
2.287,2.292410000000002
2.71,2.709819999999999
2.442,2.442640000000003
2.407,2.4125700000000028
2.474,2.475639999999997
2.651,2.6469700000000023
2.721,2.7244700000000006
2.513,2.5140100000000016
2.6,2.594619999999998
2.504,2.504639999999997
2.396,2.3957799999999954
2.648,2.6415800000000003
2.438,2.436519999999997
2.654,2.656539999999998
2.63,2.631339999999997
2.561,2.5577200000000024
2.683,2.6835699999999965
2.723,2.721950000000005
2.482,2.48602
2.419,2.4205800000000024
2.314,2.3172199999999985
2.724,2.7185799999999967
2.456,2.4586899999999985
2.614,2.613200000000001
2.426,2.423079999999996
2.654,2.6560199999999976
2.43,2.432200000000004
2.381,2.384329999999999
2.479,2.4762100000000045
2.447,2.4515200000000013
2.56,2.564210000000001
2.495,2.493350000000002
2.563,2.560919999999996
2.471,2.4686800000000018
2.433,2.4295399999999976
2.442,2.4428500000000026
2.704,2.7038700000000015
2.523,2.5198799999999983
2.302,2.2962099999999994
2.448,2.4478200000000014
2.51,2.509259999999997
2.685,2.6812500000000012
2.603,2.6030300000000026
2.408,2.4099499999999954
2.497,2.4947900000000027
2.625,2.6193600000000004
2.384,2.385759999999996
2.359,2.355180000000002
2.711,2.7101200000000034
2.521,2.521999999999996
2.408,2.4048699999999963
2.545,2.5424199999999963
2.519,2.516110000000002
2.562,2.560240000000003
2.621,2.6162500000000017
2.471,2.4665100000000004
2.412,2.415020000000002
2.583,2.584079999999999
2.58,2.582760000000002
2.51,2.511679999999997
2.718,2.7187499999999973
2.456,2.4573599999999978
2.41,2.414229999999999
2.542,2.54576
2.433,2.435829999999996
2.55,2.5523300000000044
2.417,2.4168400000000005
2.46,2.4597600000000015
2.689,2.6863899999999976
2.459,2.4606800000000018
2.42,2.420229999999996
2.617,2.616229999999997
2.395,2.395640000000003
2.431,2.4349200000000026
2.558,2.557889999999998
2.594,2.594829999999999
2.622,2.625840000000004
2.425,2.4216100000000025
2.56,2.560560000000001
2.453,2.4480900000000023
2.439,2.435639999999997
2.62,2.6178900000000023
2.445,2.445599999999996
2.528,2.5258099999999972
2.516,2.514509999999998
2.393,2.3913600000000006
2.597,2.593570000000002
2.556,2.5602800000000037
2.301,2.2999699999999965
2.528,2.530599999999998
2.423,2.4253700000000005
2.61,2.611940000000003
2.355,2.3585199999999973
2.464,2.4621099999999982
2.536,2.5362799999999996
2.505,2.5002099999999987
2.576,2.5743599999999973
2.348,2.353990000000003
2.665,2.6603799999999995
2.553,2.5561399999999996
2.636,2.632999999999999
2.587,2.5828999999999964
2.499,2.5036899999999975
2.372,2.373410000000003
2.444,2.442399999999996
2.659,2.6569699999999985
2.639,2.6352300000000035
2.438,2.434799999999998
2.479,2.481160000000003
2.471,2.4664400000000017
2.475,2.4703499999999976
2.553,2.5519399999999988
2.588,2.5892499999999985
2.599,2.5990899999999977
2.545,2.545669999999996
2.32,2.320349999999997
2.466,2.465710000000002
2.73,2.728299999999998
2.537,2.5357400000000028
2.537,2.538380000000003
2.536,2.5373700000000015
2.542,2.5420300000000013
2.476,2.4803199999999985
2.496,2.4950000000000023
2.628,2.6317099999999978
2.505,2.5025299999999984
2.335,2.3373700000000013
2.543,2.5444200000000015
2.42,2.415919999999997
2.378,2.3793199999999985
2.417,2.41356
2.554,2.5552800000000007
2.626,2.6276200000000016
2.548,2.5524200000000015
2.563,2.563099999999996
2.547,2.5490199999999974
2.51,2.5129599999999974
2.57,2.5703899999999957
2.511,2.513129999999998
2.396,2.3999699999999957
2.616,2.6142000000000043
2.485,2.4871000000000034
2.503,2.4981199999999975
2.349,2.348619999999998
2.602,2.60476
2.563,2.562709999999996
2.556,2.559980000000003
2.419,2.416240000000003
2.423,2.4199
2.522,2.5261199999999993
2.431,2.433880000000002
2.543,2.5462800000000034
2.284,2.285549999999998
2.451,2.4551999999999974
2.68,2.6803400000000037
2.544,2.542750000000003
2.517,2.5110299999999985
2.699,2.6994800000000025
2.266,2.2698599999999987
2.418,2.418320000000003
2.46,2.463140000000003
2.586,2.5873400000000037
2.588,2.5850599999999972
2.413,2.4154500000000017
2.6,2.5992099999999976
2.46,2.4570900000000018
2.621,2.623640000000003
2.397,2.3966099999999972
2.488,2.49245
2.451,2.454339999999996
2.606,2.6074499999999983
2.448,2.4455500000000017
2.496,2.4961000000000038
2.551,2.5479099999999963
2.555,2.5566100000000036
2.589,2.5881600000000002
2.521,2.5156499999999964
2.458,2.46262
2.465,2.4681900000000025
2.503,2.5055099999999975
2.525,2.5267500000000016
2.485,2.486050000000004
2.502,2.5059700000000014
2.348,2.343770000000004
2.567,2.563030000000004
2.518,2.51351
2.6,2.6020699999999977
2.5,2.5032099999999993
2.326,2.324549999999997
2.464,2.4655799999999983
2.48,2.484689999999998
2.574,2.5719100000000044
2.293,2.2957800000000033
2.504,2.5048699999999977
2.551,2.548369999999997
2.434,2.437139999999999
2.507,2.508140000000001
2.437,2.439810000000003
2.427,2.422499999999999
2.459,2.4628900000000016
2.429,2.431990000000001
2.568,2.565270000000004
2.427,2.4245999999999985
2.41,2.4124399999999984
2.677,2.677240000000001
2.596,2.599160000000002
2.314,2.312529999999997
2.424,2.4214400000000027
2.524,2.5201700000000007
2.532,2.5365100000000025
2.351,2.3512299999999993
2.616,2.614410000000004
2.583,2.581039999999999
2.548,2.553830000000001
2.636,2.6402899999999994
2.545,2.547749999999996
2.545,2.549109999999997
2.656,2.6560300000000017
2.61,2.612560000000004
2.416,2.4168999999999987
2.563,2.5616599999999976
2.434,2.433149999999999
2.55,2.5529700000000033
2.548,2.546650000000001
2.362,2.3654199999999976
2.488,2.48935
2.527,2.531499999999996
2.456,2.4566599999999976
2.531,2.5313400000000024
2.581,2.578759999999997
2.497,2.494200000000003
2.522,2.522329999999998
2.638,2.6345200000000024
2.547,2.5504399999999974
2.52,2.5173200000000024
2.404,2.4059099999999973
2.567,2.5693600000000045
2.533,2.531939999999997
2.628,2.631729999999997
2.505,2.509819999999998
2.318,2.3172000000000024
2.33,2.327770000000003
2.574,2.5714700000000037
2.443,2.4426400000000035
2.544,2.548000000000003
2.511,2.507199999999998
2.483,2.480130000000002
2.49,2.4903200000000028
2.413,2.4124400000000032
2.498,2.496089999999997
2.442,2.4401100000000024
2.463,2.462129999999998
2.468,2.4693799999999984
2.477,2.478090000000002
2.592,2.5912900000000034
2.487,2.4858199999999973
2.602,2.600770000000001
2.654,2.6557699999999973
2.585,2.5856400000000015
2.553,2.556049999999998
2.533,2.532359999999996
2.587,2.584669999999996
2.509,2.512139999999995
2.598,2.597510000000005
2.561,2.5648600000000026
2.464,2.464169999999999
2.59,2.5856100000000013
2.509,2.515829999999996
2.489,2.489340000000001
2.452,2.456529999999999
2.517,2.515299999999998
2.6,2.6005499999999984
2.589,2.5893099999999993
2.535,2.538739999999999
2.56,2.5631500000000007
2.627,2.6309000000000027
2.485,2.484870000000003
2.388,2.389520000000003
2.63,2.634939999999998
2.447,2.4441200000000007
2.431,2.4262900000000034
2.32,2.3203299999999967
2.557,2.5548599999999975
2.338,2.335839999999997
2.425,2.4217600000000026
2.559,2.561659999999999
2.572,2.571810000000001
2.435,2.4376500000000014
2.487,2.4899699999999974
2.413,2.410170000000002
2.445,2.4424899999999967
2.527,2.525359999999995
2.45,2.454059999999999
2.476,2.477809999999999
2.354,2.355810000000004
2.613,2.6101500000000004
2.551,2.5527799999999967
2.579,2.5839200000000004
2.629,2.6280299999999976
2.417,2.417960000000002
2.464,2.4621399999999993
2.311,2.3116800000000026
2.485,2.485400000000004
2.604,2.606760000000004
2.376,2.3786500000000013
2.6,2.604339999999998
2.686,2.6900000000000017
2.494,2.49653
2.399,2.3981600000000003
2.486,2.488349999999997
2.277,2.2773099999999964
2.496,2.4976500000000015
2.582,2.5828599999999966
2.496,2.491150000000002
2.472,2.4675000000000007
2.553,2.5486999999999984
2.56,2.5615600000000005
2.334,2.3344900000000015
2.509,2.5072299999999954
2.366,2.3679600000000036
2.491,2.490070000000004
2.694,2.6917799999999965
2.61,2.6113100000000045
2.449,2.4456100000000025
2.521,2.5193699999999972
2.5,2.49709
2.425,2.4238000000000026
2.493,2.490079999999998
2.472,2.4707900000000014
2.511,2.5116499999999973
2.425,2.428410000000003
2.372,2.371330000000003
2.496,2.4913000000000016
2.672,2.6770399999999994
2.508,2.506810000000002
2.467,2.4661600000000035
2.575,2.580559999999998
2.484,2.4861400000000016
2.687,2.6854900000000033
2.5,2.505569999999999
2.57,2.5712299999999964
2.425,2.422070000000003
2.55,2.551900000000002
2.528,2.5308699999999984
2.494,2.49212
2.45,2.4525599999999965
2.436,2.438890000000003
2.528,2.5309299999999975
2.563,2.564689999999999
2.487,2.4827599999999985
2.529,2.529989999999999
2.496,2.492980000000004
2.51,2.510119999999998
2.48,2.4840199999999966
2.502,2.5052300000000023
2.531,2.5351200000000027
2.565,2.5623299999999984
2.544,2.5430500000000027
2.474,2.4762399999999967
2.629,2.6235199999999987
2.471,2.468810000000002
2.606,2.6066399999999983
2.467,2.4709200000000044
2.404,2.4003599999999987
2.537,2.539510000000003
2.39,2.3909799999999963
2.554,2.5574300000000014
2.381,2.38535
2.468,2.466159999999998
2.357,2.3598799999999995
2.335,2.337000000000001
2.501,2.496743333333336
2.614,2.6125400000000014
2.604,2.6065700000000036
2.585,2.5845500000000015
2.468,2.462629999999998
2.635,2.638209999999998
2.591,2.5907000000000022
2.521,2.5183399999999962
2.524,2.527120000000001
2.47,2.4674299999999993
2.409,2.409519999999998
2.624,2.627289999999998
2.631,2.62791
2.412,2.413270000000004
2.485,2.485850000000004
2.486,2.4868499999999987
2.497,2.4934400000000028
2.506,2.5083599999999997
2.595,2.5972599999999995
2.425,2.4252700000000025
2.415,2.4161099999999993
2.624,2.6201599999999985
2.454,2.456210000000001
2.374,2.3784099999999975
2.451,2.4556399999999963
2.467,2.465930000000005
2.655,2.6539500000000005
2.592,2.5906300000000027
2.615,2.609470000000002
2.582,2.581549999999997
2.595,2.59231
2.431,2.4300800000000025
2.48,2.483499999999998
2.401,2.3979000000000013
2.479,2.482490000000004
2.568,2.5643000000000047
2.513,2.5147900000000027
2.631,2.62945
2.386,2.3849499999999986
2.55,2.543830000000003
2.375,2.3726000000000003
2.509,2.5109799999999964
2.574,2.574830000000004
2.479,2.4764000000000044
2.555,2.5559400000000023
2.404,2.4056499999999987
2.334,2.337530000000002
2.556,2.557380000000003
2.674,2.6771800000000034
2.4,2.4040400000000024
2.622,2.6176000000000035
2.504,2.504749999999998
2.366,2.3659500000000047
2.387,2.3895
2.502,2.503240000000003
2.46,2.459550000000002
2.369,2.36628
2.331,2.3339899999999982
2.415,2.4165599999999987
2.519,2.5191600000000016
2.499,2.4963799999999976
2.45,2.445989999999997
2.52,2.521240000000003
2.604,2.6056200000000045
2.539,2.537179999999995
2.488,2.4846700000000004
2.593,2.595299999999998
2.404,2.4006499999999975
2.478,2.4810600000000016
2.48,2.477619999999998
2.376,2.379320000000002
2.458,2.458949999999999
2.293,2.2934500000000027
2.691,2.69398
2.406,2.4070100000000014
2.659,2.6598399999999973
2.504,2.5015799999999975
2.556,2.5578000000000034
2.451,2.455019999999997
2.521,2.523909999999996
2.565,2.5616199999999987
2.566,2.563000000000001
2.577,2.5738699999999994
2.463,2.4616499999999975
2.452,2.4541799999999987
2.341,2.3418000000000023
2.552,2.5550699999999993
2.608,2.6059200000000016
2.662,2.659460000000002
2.531,2.5329000000000015
2.423,2.4233400000000014
2.33,2.3365900000000037
2.604,2.607410000000004
2.32,2.319019999999997
2.466,2.4665600000000025
2.478,2.482420000000002
2.493,2.491749999999998
2.504,2.506839999999998
2.514,2.5155300000000027
2.501,2.498510000000002
2.277,2.277579999999997
2.573,2.5758900000000016
2.444,2.4450699999999967
2.284,2.27993
2.419,2.418970000000002
2.443,2.442090000000002
2.619,2.6162900000000007
2.52,2.5181000000000036
2.534,2.538549999999999
2.618,2.6204499999999986
2.49,2.4926000000000017
2.575,2.574829999999997
2.568,2.565910000000004
2.371,2.368370000000003
2.647,2.648599999999998
2.358,2.3609200000000015
2.592,2.587470000000003
2.348,2.3444700000000034
2.56,2.560550000000001
2.686,2.6892200000000033
2.479,2.480290000000004
2.474,2.478699999999997
2.561,2.5642200000000024
2.467,2.4648800000000044
2.682,2.6816599999999977
2.519,2.517050000000003
2.468,2.470659999999998
2.446,2.4426099999999984
2.407,2.408640000000002
2.437,2.437640000000003
2.465,2.469040000000003
2.451,2.455639999999997
2.434,2.4373699999999987
2.71,2.708220000000001
2.397,2.4011999999999976
2.515,2.5133899999999945
2.559,2.556579999999999
2.563,2.5633599999999963
2.494,2.49039
2.476,2.4786799999999998
2.545,2.5443899999999964
2.527,2.526899999999995
2.474,2.477329999999997
2.344,2.345049999999996
2.453,2.4561800000000016
2.385,2.388259999999998
2.433,2.435369999999998
2.503,2.5057599999999978
2.536,2.53453
2.678,2.675779999999998
2.446,2.4432699999999987
2.577,2.576419999999999
2.531,2.5320100000000014
2.63,2.6291299999999977
2.558,2.5573799999999975
2.399,2.4008200000000004
2.328,2.3278200000000018
2.531,2.529200000000003
2.447,2.443930000000002
2.402,2.3998599999999963
2.373,2.3755099999999976
2.516,2.5161399999999974
2.651,2.6554600000000033
2.459,2.459030000000001
2.559,2.5599699999999985
2.49,2.4876300000000025
2.371,2.371190000000002
2.573,2.57773
2.391,2.3901899999999983
2.502,2.5048300000000023
2.466,2.4710600000000027
2.589,2.585119999999998
2.394,2.3941800000000026
2.539,2.5381399999999963
2.416,2.420589999999998
2.449,2.443510000000002
2.709,2.709640000000001
2.555,2.555550000000003
2.423,2.4200700000000013
2.388,2.390820000000003
2.45,2.447989999999997
2.572,2.576750000000002
2.311,2.312430000000002
2.486,2.485379999999998
2.677,2.674229999999998
2.387,2.3893400000000007
2.508,2.509310000000003
2.72,2.718600000000001
2.563,2.563039999999997
2.513,2.512570000000002
2.551,2.5549099999999965
2.46,2.4595700000000016
2.63,2.6293799999999976
2.46,2.4592800000000015
2.304,2.3036600000000007
2.461,2.462780000000004
2.403,2.399369999999998
2.472,2.4680200000000028
2.474,2.4777799999999974
2.62,2.623970000000002
2.57,2.5669199999999965
2.526,2.527880000000002
2.5,2.50273
2.394,2.395280000000002
2.282,2.2865000000000024
2.511,2.5145699999999978
2.579,2.5774900000000027
2.489,2.4905400000000024
2.447,2.450220000000001
2.546,2.5441999999999982
2.492,2.4884499999999985
2.669,2.6731600000000024
2.623,2.624899999999998
2.596,2.593660000000001
2.576,2.575089999999997
2.371,2.3688000000000025
2.566,2.563890000000001
2.538,2.535640000000002
2.561,2.559910000000004
2.549,2.5520000000000027
2.545,2.5415099999999953
2.492,2.491359999999998
2.594,2.5920699999999965
2.453,2.4505600000000016
2.579,2.5801800000000013
2.594,2.5932699999999973
2.536,2.5353199999999996
2.667,2.6703
2.412,2.4084000000000025
2.451,2.4553099999999977
2.521,2.5240499999999964
2.588,2.584809999999998
2.518,2.515220000000001
2.629,2.633319999999998
2.434,2.436109999999998
2.386,2.388589999999998
2.531,2.5322600000000035
2.492,2.4931999999999976
2.554,2.556020000000002
2.497,2.493310000000004
2.466,2.4633800000000026
2.493,2.490559999999997
2.503,2.508409999999998
2.47,2.4685299999999994
2.48,2.4777499999999977
2.46,2.461350000000001
2.586,2.583490000000003
2.519,2.5164800000000027
2.726,2.72452
2.516,2.514329999999997
2.445,2.444409999999997
2.541,2.538389999999998
2.599,2.5948599999999975
2.559,2.5588799999999985
2.562,2.564980000000002
2.554,2.5559800000000017
2.39,2.3883499999999955
2.537,2.535540000000003
2.368,2.3659399999999984
2.483,2.4835100000000003
2.427,2.4241299999999986
2.536,2.5362900000000006
2.533,2.531919999999997
2.548,2.5461300000000007
2.529,2.529249999999998
2.439,2.4376399999999965
2.474,2.471229999999999
2.592,2.5891900000000034
2.607,2.6078400000000004
2.385,2.3854999999999977
2.347,2.3472700000000013
2.427,2.4311799999999995
2.605,2.607109999999998
2.621,2.6221000000000014
2.408,2.4131099999999983
2.531,2.5276500000000026
2.683,2.6799799999999965
2.542,2.536420000000001
2.642,2.640959999999998
2.6,2.601969999999997
2.409,2.408749999999998
2.481,2.4835199999999977
2.503,2.506389999999998
2.51,2.506579999999998
2.592,2.5896000000000043
2.541,2.5401999999999973
2.369,2.3672
2.281,2.278970000000003
2.518,2.51372
2.524,2.5237600000000016
2.528,2.5310499999999987
2.404,2.3996899999999983
2.567,2.564350000000003
2.572,2.567020000000001
2.374,2.3709299999999986
2.353,2.3550800000000014
2.5,2.5037099999999985
2.679,2.681790000000001
2.67,2.6731099999999968
2.556,2.553170000000003
2.427,2.431839999999999
2.589,2.587549999999999
2.455,2.451980000000002
2.423,2.4213500000000012
2.286,2.2889900000000014
2.51,2.5075099999999977
2.437,2.438820000000004
2.51,2.5104699999999984
2.27,2.2728500000000027
2.517,2.5172799999999977
2.609,2.6091100000000025
2.552,2.553839999999999
2.472,2.4762400000000016
2.556,2.5558900000000033
2.402,2.395909999999996
2.507,2.507030000000002
2.579,2.5837700000000012
2.455,2.4530600000000033
2.498,2.500529999999998
2.48,2.481119999999997
2.646,2.647289999999997
2.388,2.3840000000000017
2.438,2.4432099999999966
2.308,2.3056199999999976
2.651,2.6518400000000026
2.475,2.471399999999997
2.456,2.459759999999997
2.495,2.4970000000000017
2.564,2.563649999999997
2.535,2.536929999999997
2.545,2.5407599999999975
2.453,2.454480000000001
2.444,2.441829999999997
2.461,2.461650000000005
2.35,2.3460499999999977
2.504,2.5084899999999974
2.578,2.5794900000000025
2.439,2.4345899999999983
2.419,2.415520000000002
2.652,2.6553899999999957
2.357,2.3589
2.293,2.294690000000003
2.385,2.3841299999999976
2.346,2.345750000000001
2.539,2.5387899999999957
2.464,2.46255
2.478,2.4762400000000007
2.615,2.608370000000002
2.431,2.4277200000000025
2.578,2.5802700000000023
2.651,2.6537400000000018
2.454,2.4550800000000006
2.574,2.574290000000005
2.476,2.479979999999999
2.592,2.588600000000004
2.343,2.341869999999997
2.335,2.338780000000001
2.461,2.465250000000004
2.411,2.4131600000000013
2.448,2.4499500000000016
2.478,2.4743500000000025
2.572,2.575690000000001
2.459,2.455090000000001
2.418,2.4159300000000026
2.465,2.4604000000000017
2.423,2.4206100000000017
2.407,2.411030000000002
2.339,2.338869999999999
2.507,2.509720000000002
2.443,2.440070000000002
2.597,2.5932400000000024
2.355,2.352849999999997
2.446,2.4410499999999997
2.681,2.6830200000000026
2.406,2.410720000000002
2.476,2.46897
2.378,2.3726999999999996
2.365,2.3632000000000026
2.655,2.656819999999999
2.517,2.517679999999998
2.513,2.516590000000003
2.33,2.3294700000000033
2.536,2.5333200000000007
2.616,2.6141300000000034
2.615,2.6185400000000016
2.567,2.5663600000000026
2.387,2.38467
2.531,2.5341900000000024
2.567,2.563410000000004
2.321,2.3201799999999992
2.388,2.3879300000000026
2.589,2.58827
2.588,2.5845999999999973
2.345,2.345589999999999
2.58,2.5773900000000043
2.51,2.5098299999999973
2.578,2.579680000000002
2.437,2.435360000000002
2.565,2.5639899999999995
2.584,2.5840900000000016
2.465,2.462520000000002
2.502,2.4971500000000026
2.435,2.43905
2.665,2.669999999999999
2.488,2.489809999999999
2.408,2.4124799999999964
2.428,2.426969999999999
2.513,2.5108600000000023
2.575,2.578229999999996
2.366,2.3665700000000047
2.685,2.6888200000000024
2.531,2.5306700000000033
2.547,2.5465999999999984
2.49,2.489360000000003
2.502,2.505330000000002
2.485,2.490050000000003
2.602,2.60264
2.499,2.4956299999999976
2.577,2.57892
2.457,2.456589999999997
2.52,2.5188900000000025
2.42,2.4221499999999967
2.622,2.617260000000003
2.417,2.4176300000000004
2.468,2.4644399999999975
2.469,2.4639899999999972
2.465,2.461400000000001
2.572,2.567550000000001
2.468,2.463509999999997
2.639,2.635200000000003
2.418,2.4164200000000027
2.517,2.5183599999999973
2.422,2.420599999999998
2.542,2.5444800000000014
2.498,2.4933699999999983
2.484,2.4864700000000024
2.619,2.616310000000001
2.435,2.435800000000001
2.559,2.5604299999999984
2.423,2.42023
2.511,2.5103299999999975
2.38,2.375839999999998
2.434,2.437519999999999
2.492,2.487629999999998
2.681,2.6800000000000015
2.51,2.5107299999999975
2.665,2.662059999999998
2.522,2.5168799999999982
2.461,2.464160000000004
2.654,2.658189999999999
2.544,2.541740000000002
2.436,2.437740000000004
2.547,2.542999999999999
2.471,2.471210000000003
2.301,2.297749999999997
2.594,2.5984099999999986
2.609,2.6116100000000033
2.684,2.68152
2.542,2.5414199999999996
2.475,2.4777599999999977
2.583,2.58245
2.585,2.58537
2.664,2.6701199999999967
2.496,2.494580000000002
2.483,2.482850000000001
2.428,2.430209999999999
2.554,2.5558200000000006
2.345,2.3460099999999997
2.578,2.57384
2.559,2.562029999999999
2.559,2.556479999999998
2.514,2.5122000000000027
2.653,2.6469599999999986
2.587,2.5850499999999976
2.439,2.4330099999999963
2.441,2.4441100000000007
2.412,2.4124100000000026
2.555,2.5579400000000025
2.4,2.405010000000002
2.608,2.6045800000000026
2.632,2.6343900000000016
2.412,2.412730000000003
2.481,2.484909999999999
2.502,2.501950000000002
2.588,2.5866499999999975
2.661,2.6591300000000007
2.331,2.3353199999999985
2.468,2.4664799999999976
2.473,2.4701800000000045
2.36,2.362640000000003
2.451,2.447929999999997
2.543,2.540360000000001
2.472,2.4709100000000017
2.346,2.3434400000000024
2.527,2.5287999999999964
2.511,2.511829999999998
2.39,2.3863199999999964
2.526,2.5231500000000024
2.484,2.4882800000000023
2.311,2.312800000000003
2.393,2.3910800000000005
2.579,2.5818400000000015
2.694,2.691499999999999
2.537,2.5407900000000025
2.61,2.6082300000000043
2.484,2.487250000000002
2.491,2.4907900000000036
2.609,2.604560000000003
2.666,2.667599999999999
2.63,2.6285099999999977
2.393,2.39315
2.493,2.489569999999999
2.528,2.525669999999998
2.474,2.475809999999997
2.539,2.5332099999999973
2.582,2.5781899999999967
2.6,2.6017799999999975
2.669,2.6712800000000025
2.467,2.4654300000000022
2.364,2.3649100000000023
2.536,2.5337600000000005
2.688,2.6919299999999957
2.452,2.446719999999999
2.569,2.571929999999997
2.57,2.5673999999999975
2.519,2.5230800000000015
2.501,2.5042000000000026
2.408,2.4065399999999957
2.272,2.2741299999999973
2.389,2.387150000000002
2.461,2.464710000000003
2.61,2.6112900000000048
2.49,2.4919800000000025
2.448,2.4451400000000008
2.411,2.408480000000001
2.566,2.5625300000000006
2.636,2.6357899999999983
2.606,2.6080999999999985
2.561,2.562210000000003
2.352,2.3569000000000018
2.465,2.4637400000000023
2.695,2.6941299999999977
2.612,2.6127399999999996
2.346,2.344240000000001
2.494,2.4916
2.536,2.5377100000000015
2.424,2.421140000000003
2.269,2.2701900000000017
2.51,2.510929999999998
2.421,2.427529999999999
2.422,2.4200499999999994
2.465,2.466250000000002
2.487,2.487989999999998
2.499,2.5033499999999966
2.412,2.4084000000000025
2.478,2.4833400000000023
2.324,2.3231200000000025
2.531,2.5322600000000026
2.471,2.4750000000000014
2.592,2.5964500000000026
2.394,2.394490000000002
2.572,2.5721000000000016
2.616,2.617970000000005
2.485,2.483580000000005
2.488,2.48839
2.499,2.502099999999998
2.692,2.6934600000000044
2.529,2.532889999999998
2.415,2.4142099999999984
2.647,2.6518099999999993
2.32,2.318069999999997
2.377,2.381860000000001
2.27,2.272430000000002
2.68,2.6792100000000034
2.533,2.530509999999996
2.566,2.5639900000000018
2.53,2.5313600000000016
2.557,2.560339999999996
2.508,2.508850000000003
2.527,2.5296599999999962
2.511,2.5115599999999976
2.439,2.440699999999998
2.495,2.4948900000000016
2.527,2.5234999999999967
2.511,2.5139699999999987
2.352,2.3498000000000014
2.366,2.367190000000005
2.608,2.609690000000002
2.469,2.4651299999999976
2.558,2.5593599999999963
2.391,2.392749999999998
2.353,2.350690000000003
2.416,2.411849999999999
2.478,2.476010000000002
2.433,2.427219999999997
2.629,2.631229999999998
2.518,2.51271
2.685,2.684410000000001
2.54,2.540439999999998
2.606,2.6068099999999985
2.349,2.346639999999998
2.523,2.5228399999999986
2.423,2.420190000000001
2.714,2.7163799999999996
2.644,2.641930000000002
2.426,2.423539999999997
2.487,2.4859499999999968
2.524,2.5225999999999997
2.586,2.585580000000001
2.503,2.4991399999999966
2.398,2.3956899999999983
2.428,2.4302699999999984
2.5,2.49691
2.623,2.625179999999998
2.543,2.5423300000000033
2.423,2.4216000000000006
2.565,2.5643099999999985
2.461,2.4624500000000027
2.589,2.58655
2.464,2.4660499999999983
2.58,2.5825000000000036
2.425,2.4298900000000017
2.489,2.4889000000000028
2.503,2.502639999999999
2.481,2.477309999999998
2.469,2.4673099999999972
2.559,2.5607799999999994
2.307,2.3043799999999957
2.543,2.540050000000004
2.614,2.6129000000000016
2.447,2.451700000000001
2.496,2.492690000000003
2.502,2.505310000000002
2.572,2.5750400000000018
2.701,2.7009099999999977
2.462,2.4627699999999972
2.414,2.4151399999999956
2.383,2.3795600000000023
2.52,2.5239400000000027
2.548,2.54601
2.445,2.4444099999999964
2.578,2.580750000000001
2.547,2.5457399999999986
2.504,2.503349999999997
2.41,2.4110099999999983
2.452,2.449169999999999
2.524,2.5282299999999998
2.503,2.5064399999999964
2.519,2.5153500000000024
2.55,2.548380000000002
2.539,2.5365099999999963
2.489,2.4908600000000014
2.505,2.5010899999999987
2.36,2.362540000000003
2.442,2.442520000000003
2.505,2.505629999999998
2.426,2.4293599999999973
2.586,2.5840200000000033
2.434,2.4361799999999985
2.522,2.519419999999998
2.512,2.5128299999999992
2.575,2.579619999999997
2.59,2.5910700000000007
2.569,2.566089999999997
2.289,2.291559999999998
2.619,2.6174100000000005
2.653,2.650299999999998
2.452,2.448209999999999
2.524,2.51743
2.411,2.412600000000001
2.305,2.301490000000003
2.426,2.4236299999999957
2.446,2.4439999999999986
2.465,2.463120000000002
2.404,2.4019099999999973
2.427,2.4284699999999995
2.499,2.5016199999999973
2.423,2.42076
2.554,2.555290000000001
2.568,2.5703800000000037
2.613,2.6131599999999997
2.524,2.5264700000000007
2.438,2.4385599999999967
2.529,2.530789999999998
2.533,2.5335499999999964
2.449,2.453710000000003
2.578,2.5808900000000006
2.36,2.362550000000004
2.476,2.47836
2.556,2.5585400000000043
2.471,2.4667400000000024
2.479,2.476250000000004
2.486,2.4838899999999984
2.416,2.413529999999998
2.617,2.6151699999999987
2.398,2.3946699999999983
2.532,2.5304000000000015
2.541,2.5388399999999987
2.405,2.4055400000000002
2.507,2.501900000000002
2.409,2.4114599999999977
2.639,2.6395600000000012
2.386,2.3879599999999988
2.435,2.436590000000001
2.378,2.3735499999999963
2.364,2.3660800000000006
2.659,2.658839999999998
2.554,2.554780000000001
2.514,2.5146000000000024
2.434,2.4369699999999987
2.591,2.5940200000000018
2.418,2.4178800000000025
2.579,2.5803599999999993
2.413,2.411830000000002
2.436,2.4365500000000027
2.576,2.575829999999998
2.586,2.5849900000000043
2.56,2.560040000000002
2.395,2.3947000000000016
2.455,2.459190000000002
2.516,2.5110399999999973
2.415,2.417069999999999
2.637,2.6410599999999995
2.422,2.423619999999998
2.449,2.4524800000000035
2.36,2.3608800000000034
2.563,2.5586599999999957
2.503,2.498269999999997
2.657,2.6532300000000024
2.655,2.6551600000000004
2.543,2.5443000000000033
2.531,2.5337700000000027
2.507,2.5090600000000016
2.361,2.3628199999999984
2.51,2.5088799999999982
2.562,2.567320000000003
2.529,2.5246699999999977
2.411,2.4131000000000005
2.594,2.594719999999997
2.648,2.644639999999999
2.594,2.5911399999999976
2.599,2.6031699999999973
2.444,2.4482099999999973
2.608,2.6067800000000005
2.515,2.513879999999997
2.551,2.5550399999999964
2.537,2.5359900000000026
2.488,2.48562
2.414,2.4117699999999958
2.492,2.495069999999998
2.599,2.6023399999999977
2.456,2.458059999999997
2.589,2.5852499999999994
2.574,2.576850000000002
2.47,2.4664800000000007
2.639,2.6394600000000032
2.464,2.4626199999999994
2.651,2.6550300000000018
2.543,2.5416800000000026
2.498,2.494759999999998
2.411,2.4096300000000017
2.491,2.4899100000000045
2.48,2.4830099999999975
2.374,2.3739899999999974
2.478,2.481260000000001
2.42,2.4197899999999963
2.559,2.561519999999999
2.631,2.6290400000000007
2.377,2.3800500000000016
2.671,2.6671299999999984
2.487,2.486929999999997
2.402,2.3991199999999964
2.576,2.5700599999999976
2.455,2.454230000000004
2.492,2.4895933333333318
2.46,2.4616200000000013
2.418,2.415260000000002
2.572,2.5739800000000006
2.471,2.472810000000002
2.356,2.359629999999998
2.555,2.555050000000003
2.379,2.3744099999999975
2.385,2.3872499999999977
2.619,2.615020000000001
2.38,2.380209999999998
2.268,2.2719500000000004
2.562,2.562100000000003
2.47,2.469369999999999
2.478,2.4820700000000016
2.469,2.4678999999999967
2.523,2.527479999999998
2.425,2.419400000000003
2.648,2.6520499999999982
2.352,2.350640000000001
2.544,2.5433600000000025
2.564,2.564429999999996
2.424,2.4203000000000032
2.398,2.3963199999999985
2.602,2.6068800000000016
2.401,2.3991800000000025
2.439,2.4370099999999972
2.589,2.587959999999999
2.503,2.505119999999999
2.32,2.320099999999996
2.675,2.676020000000003
2.447,2.4444800000000013
2.46,2.4568100000000013
2.526,2.5309900000000014
2.563,2.565199999999997
2.696,2.698020000000001
2.334,2.3380800000000024
2.583,2.5827799999999996
2.574,2.5690800000000036
2.486,2.489249999999998
2.579,2.574570000000001
2.593,2.589599999999998
2.362,2.3668099999999983
2.675,2.6708500000000037
2.344,2.3422499999999977
2.386,2.388999999999998
2.474,2.4745599999999977
2.692,2.688260000000003
2.469,2.469179999999998
2.497,2.494330000000001
2.643,2.639689999999999
2.47,2.46797
2.382,2.3792100000000023
2.458,2.4577899999999993
2.637,2.6338
2.507,2.511200000000002
2.693,2.6913500000000026
2.574,2.5714400000000035
2.436,2.4384200000000025
2.505,2.5073099999999964
2.415,2.4160799999999982
2.433,2.4329399999999963
2.602,2.602590000000002
2.586,2.5874700000000046
2.438,2.438129999999998
2.657,2.657150000000003
2.61,2.6085500000000046
2.688,2.688819999999998
2.683,2.6790899999999978
2.352,2.352470000000001
2.389,2.391190000000002
2.4,2.4055900000000023
2.406,2.4019600000000034
2.532,2.527530000000003
2.443,2.442740000000004
2.707,2.7061499999999965
2.69,2.686849999999999
2.499,2.501649999999998
2.696,2.6946600000000003
2.649,2.6442099999999997
2.455,2.4516300000000033
2.299,2.295520000000003
2.478,2.473730000000002
2.436,2.437750000000003
2.521,2.521589999999996
2.509,2.5067099999999964
2.506,2.509400000000001
2.552,2.5497599999999987
2.379,2.379829999999997
2.541,2.5383999999999975
2.456,2.4580399999999982
2.52,2.5184400000000013
2.596,2.5902000000000016
2.378,2.3748599999999964
2.472,2.4749700000000026
2.488,2.486909999999999
2.449,2.4473500000000037
2.59,2.590830000000002
2.428,2.4286199999999973
2.444,2.446749999999996
2.429,2.42342
2.609,2.6077000000000017
2.451,2.452029999999996
2.546,2.542729999999999
2.698,2.695780000000001
2.493,2.492639999999997
2.611,2.6157999999999983
2.667,2.6702399999999993
2.603,2.6024900000000026
2.498,2.503959999999998
2.564,2.562379999999997
2.371,2.3685800000000024
2.422,2.4201799999999984
2.44,2.438639999999998
2.724,2.7253799999999972
2.419,2.4240900000000027
2.417,2.4192300000000007
2.396,2.393529999999996
2.556,2.5570500000000025
2.514,2.510750000000003
2.609,2.6092000000000026
2.567,2.5654000000000043
2.362,2.362309999999999
2.419,2.414150000000002
2.637,2.6356200000000007
2.48,2.4807499999999973
2.619,2.6209200000000004
2.485,2.490390000000005
2.403,2.405479999999998
2.47,2.468680000000001
2.403,2.407019999999999
2.443,2.4412800000000017
2.52,2.5174100000000035
2.551,2.553509999999996
2.341,2.3450400000000027
2.498,2.499089999999998
2.441,2.4390500000000013
2.435,2.4401100000000016
2.513,2.511740000000002
2.445,2.4428999999999963
2.638,2.637590000000001
2.619,2.61595
2.618,2.621849999999997
2.451,2.4545099999999964
2.404,2.4012199999999977
2.508,2.5101200000000023
2.485,2.486570000000004
2.439,2.4411999999999976
2.382,2.3841200000000016
2.496,2.4939300000000038
2.46,2.460060000000002
2.569,2.5659499999999973
2.567,2.562440000000002
2.61,2.6092100000000045
2.374,2.371109999999999
2.54,2.5422499999999983
2.427,2.428149999999999
2.378,2.3741099999999977
2.457,2.459489999999997
2.607,2.6087100000000003
2.463,2.4621599999999977
2.657,2.657080000000002
2.555,2.558810000000003
2.461,2.4599000000000024
2.616,2.6160300000000047
2.545,2.5408999999999957
2.407,2.411390000000002
2.686,2.6890000000000027
2.526,2.528770000000002
2.502,2.500276666666669
2.414,2.414619999999996
2.618,2.6155999999999966
2.552,2.5537699999999983
2.563,2.5667999999999966
2.449,2.443950000000003
2.583,2.586019999999999
2.591,2.587130000000002
2.433,2.435119999999998
2.358,2.3618000000000023
2.558,2.5614899999999965
2.343,2.3449199999999975
2.515,2.5121599999999944
2.455,2.4516600000000026
2.622,2.624490000000003
2.461,2.459180000000004
2.611,2.6091499999999974
2.449,2.446320000000003
2.6,2.6021899999999976
2.706,2.704949999999997
2.393,2.389479999999999
2.529,2.5313099999999977
2.507,2.505990000000001
2.506,2.5063200000000005
2.579,2.583260000000001
2.504,2.504679999999998
2.329,2.3310700000000013
2.613,2.6122699999999996
2.3,2.300250000000003
2.458,2.458369999999999
2.621,2.618850000000001
2.464,2.4614999999999996
2.431,2.435240000000003
2.588,2.584879999999998
2.415,2.4190499999999973
2.378,2.3734399999999978
2.527,2.529329999999995
2.482,2.47752
2.376,2.3725400000000025
2.564,2.5637499999999984
2.546,2.5455899999999976
2.464,2.4642999999999997
2.471,2.4676600000000026
2.547,2.545459999999998
2.619,2.617000000000001
2.472,2.4678300000000015
2.565,2.5613299999999994
2.557,2.5591299999999975
2.588,2.587059999999998
2.504,2.508499999999997
2.409,2.413769999999998
2.454,2.458990000000002
2.534,2.5359099999999986
2.682,2.682719999999997
2.452,2.4534599999999998
2.58,2.5857000000000028
2.467,2.4674000000000045
2.511,2.509739999999999
2.652,2.653549999999996
2.576,2.5724399999999963
2.376,2.3740200000000025
2.443,2.441130000000004
2.626,2.6257700000000024
2.514,2.5175700000000023
2.385,2.383919999999998
2.418,2.4177500000000025
2.57,2.574079999999997
2.599,2.5940499999999975
2.502,2.5046900000000023
2.582,2.5822199999999964
2.476,2.48013
2.418,2.416540000000003
2.403,2.4065499999999984
2.534,2.534249999999998
2.451,2.448519999999997
2.667,2.66692
2.647,2.6482399999999973
2.563,2.563329999999997
2.382,2.3867500000000024
2.433,2.4348799999999975
2.626,2.6245200000000013
2.444,2.4404499999999967
2.612,2.6125799999999977
2.547,2.5502399999999983
2.505,2.5083999999999977
2.43,2.4332300000000044
2.491,2.4893500000000044
2.519,2.5153300000000023
2.603,2.603040000000002
2.411,2.413350000000002
2.474,2.475339999999999
2.504,2.506589999999997
2.566,2.563880000000001
2.409,2.408699999999998
2.368,2.369049999999998
2.567,2.5643800000000025
2.348,2.3480600000000034
2.628,2.6252599999999977
2.484,2.484110000000003
2.345,2.341839999999999
2.452,2.45618
2.538,2.5373700000000032
2.447,2.443520000000001
2.502,2.5029200000000014
2.574,2.5785300000000024
2.48,2.4845299999999977
2.406,2.4072800000000028
2.47,2.4714599999999995
2.641,2.6385399999999986
2.669,2.6701900000000016
2.298,2.295720000000001
2.609,2.609300000000002
2.525,2.5301100000000023
2.592,2.590050000000003
2.445,2.4426899999999985
2.323,2.3209400000000002
2.558,2.5539399999999968
2.406,2.3999500000000022
2.361,2.3608499999999975
2.368,2.3641399999999986
2.56,2.5614400000000006
2.514,2.514020000000003
2.578,2.5801400000000005
2.567,2.563550000000001
2.458,2.460089999999999
2.493,2.494689999999998
2.449,2.452750000000003
2.479,2.4772300000000023
2.403,2.4042699999999986
2.539,2.5401099999999963
2.608,2.606440000000001
2.418,2.4217600000000026
2.628,2.6297399999999964
2.511,2.510669999999999
2.524,2.52661
2.33,2.3351100000000016
2.319,2.3137399999999975
2.514,2.5137600000000018
2.579,2.580660000000002
2.433,2.434719999999996
2.667,2.6682500000000005
2.573,2.5751700000000017
2.409,2.4134899999999986
2.503,2.498299999999998
2.376,2.3775900000000023
2.553,2.552339999999999
2.468,2.4669499999999975
2.571,2.56854
2.627,2.6287600000000024
2.461,2.464990000000004
2.612,2.612679999999999
2.722,2.7188400000000006
2.507,2.5099300000000007
2.578,2.577150000000001
2.441,2.441300000000002
2.502,2.504200000000002
2.482,2.482226333333333
2.58,2.583260000000003
2.62,2.623220000000003
2.489,2.4875500000000024
2.653,2.6479699999999973
2.653,2.6534199999999992
2.585,2.5815000000000015
2.448,2.4522500000000016
2.439,2.440309999999998
2.419,2.4215300000000024
2.595,2.5911899999999997
2.379,2.3840299999999974
2.568,2.564200000000003
2.392,2.394539999999999
2.582,2.584269999999998
2.502,2.503630000000003
2.633,2.632910000000001
2.614,2.6112800000000016
2.644,2.636740000000003
2.646,2.6424799999999955
2.514,2.5152800000000024
2.384,2.385819999999995
2.395,2.3943100000000026
2.291,2.2923399999999985
2.392,2.389929999999998
2.507,2.5040900000000024
2.444,2.4420899999999977
2.482,2.4815000000000005
2.549,2.5519200000000035
2.47,2.46922
2.388,2.3882000000000025
2.495,2.494330000000003
2.41,2.411979999999998
2.473,2.470380000000004
2.634,2.637859999999996
2.473,2.4766200000000045
2.677,2.6724099999999997
2.643,2.6409200000000004
2.442,2.438240000000002
2.389,2.3894900000000012
2.495,2.4932300000000023
2.615,2.6144800000000026
2.451,2.450879999999996
2.591,2.5876
2.621,2.617090000000002
2.423,2.424630000000001
2.432,2.430729999999997
2.571,2.569659999999999
2.515,2.5122199999999957
2.431,2.4281000000000024
2.465,2.461890000000002
2.493,2.490019999999998
2.344,2.345289999999997
2.577,2.5730499999999994
2.452,2.448679999999999
2.498,2.500959999999998
2.426,2.424609999999996
2.669,2.663510000000002
2.441,2.4394700000000005
2.39,2.3910299999999953
2.551,2.547259999999996
2.434,2.433909999999999
2.422,2.420919999999998
2.551,2.5530299999999975
2.396,2.3919899999999954
2.354,2.356620000000004
2.673,2.6752500000000015
2.558,2.557119999999997
2.474,2.469399999999998
2.5,2.4993599999999994
2.551,2.5536799999999955
2.597,2.5986300000000018
2.424,2.4258500000000027
2.537,2.5361400000000023
2.449,2.445840000000002
2.481,2.4849899999999976
2.516,2.5161899999999986
2.499,2.5016499999999975
2.574,2.5700900000000035
2.549,2.545510000000003
2.349,2.3476699999999977
2.364,2.3665300000000014
2.463,2.4619799999999974
2.683,2.6824899999999956
2.415,2.416089999999998
2.479,2.482300000000004
2.446,2.4434999999999985
2.445,2.4414599999999966
2.518,2.5164600000000004
2.64,2.639299999999996
2.546,2.542069999999999
2.42,2.4261799999999965
2.508,2.5068700000000033
2.442,2.439010000000003
2.641,2.638289999999998
2.453,2.4511100000000017
2.666,2.668409999999998
2.413,2.414520000000003
2.643,2.641479999999999
2.52,2.5241900000000017
2.629,2.630119999999997
2.69,2.6955799999999983
2.387,2.3900099999999997
2.628,2.6263599999999974
2.359,2.3580700000000014
2.395,2.3954700000000018
2.42,2.4183199999999974
2.55,2.5510900000000025
2.503,2.504739999999996
2.483,2.4808700000000012
2.515,2.515079999999995
2.559,2.558369999999999
2.567,2.563630000000003
2.609,2.608450000000002
2.682,2.6821399999999973
2.498,2.5000099999999974
2.448,2.44916
2.561,2.5624500000000037
2.386,2.3861599999999985
2.432,2.4333199999999953
2.6,2.6017899999999976
2.488,2.488290000000001
2.379,2.375949999999998
2.351,2.349419999999999
2.505,2.5055099999999975
2.614,2.617960000000002
2.613,2.6098700000000004
2.511,2.511189999999998
2.701,2.7028699999999986
2.49,2.4894358333333355
2.486,2.4865399999999975
2.455,2.4559600000000033
2.585,2.5897800000000006
2.656,2.6578800000000022
2.417,2.414890000000001
2.546,2.541269999999998
2.605,2.6071299999999975
2.501,2.4966100000000013
2.272,2.2718099999999977
2.525,2.5273300000000023
2.576,2.5780899999999973
2.405,2.3991800000000016
2.475,2.474949999999999
2.384,2.3854699999999958
2.603,2.6063200000000024
2.5,2.50148
2.66,2.662339999999998
2.586,2.586090000000004
2.465,2.463210000000001
2.492,2.4930999999999974
2.557,2.5592699999999966
2.597,2.5931600000000015
2.532,2.530830000000003
2.611,2.610709999999997
2.47,2.4684299999999983
2.4,2.3978500000000027
2.494,2.49399
2.521,2.519049999999995
2.38,2.377569999999998
2.366,2.367420000000004
2.545,2.542309999999996
2.459,2.4605100000000015
2.483,2.4789900000000014
2.464,2.465929999999999
2.652,2.6545799999999953
2.626,2.619190000000002
2.376,2.374430000000002
2.447,2.4488000000000003
2.585,2.584850000000001
2.56,2.559150000000002
2.496,2.493290000000003
2.386,2.387389999999999
2.432,2.4368999999999965
2.448,2.4450900000000004
2.528,2.5250699999999977
2.67,2.6694399999999963
2.431,2.4306900000000033
2.397,2.3945799999999973
2.489,2.4863200000000023
2.603,2.605900000000003
2.355,2.3526599999999966
2.645,2.6449100000000025
2.483,2.482540000000002
2.427,2.429969999999999
2.34,2.3411900000000014
2.571,2.5735399999999995
2.483,2.487600000000002
2.517,2.515489999999999
2.41,2.4106399999999972
2.468,2.468169999999997
2.451,2.451969999999997
2.49,2.492960000000002
2.433,2.4374699999999976
2.347,2.348520000000002
2.364,2.365300000000002
2.518,2.523510000000001
2.323,2.320970000000001
2.3,2.298980000000003
2.51,2.5104899999999972
2.517,2.5166599999999977
2.626,2.628200000000001
2.54,2.541859999999998
2.485,2.483020000000002
2.405,2.4034300000000006
2.65,2.649860000000002
2.593,2.591989999999997
2.375,2.3681700000000006
2.504,2.5047799999999985
2.514,2.510880000000003
2.465,2.463190000000001
2.577,2.5713499999999994
2.583,2.584619999999999
2.481,2.4846799999999987
2.472,2.4688300000000023
2.65,2.649350000000002
2.593,2.5969499999999988
2.507,2.5060000000000016
2.337,2.3406499999999975
2.534,2.533859999999997
2.57,2.5703299999999967
2.525,2.5265500000000025
2.458,2.4625199999999987
2.478,2.476100000000002
2.409,2.4112699999999982
2.485,2.4860500000000045
2.639,2.6417100000000033
2.455,2.451950000000003
2.597,2.6013000000000024
2.419,2.4168900000000026
2.576,2.571499999999997
2.5,2.5015699999999996
2.535,2.5335599999999983
2.501,2.495720000000002
2.564,2.568469999999997
2.358,2.355620000000002
2.542,2.5385500000000008
2.296,2.296919999999999
2.447,2.445430000000001
2.495,2.4978100000000016
2.417,2.4160500000000016
2.431,2.4361900000000034
2.527,2.5306499999999956
2.601,2.6049400000000005
2.404,2.4088999999999987
2.442,2.440770000000003
2.427,2.424269999999999
2.514,2.516540000000004
2.593,2.586979999999997
2.602,2.6054000000000026
2.413,2.415030000000003
2.375,2.3745800000000004
2.502,2.504560000000003
2.583,2.581659999999999
2.515,2.5128899999999947
2.529,2.5264599999999975
2.614,2.6139700000000023
2.426,2.429589999999996
2.478,2.4753100000000026
2.663,2.6615800000000025
2.48,2.483109999999998
2.373,2.3698599999999974
2.433,2.4346999999999976
2.406,2.405280000000002
2.536,2.538680000000001
2.41,2.413739999999999
2.527,2.5242299999999966
2.426,2.4251299999999976
2.288,2.2918900000000018
2.531,2.5329900000000016
2.515,2.5164799999999956
2.552,2.553789999999998
2.433,2.434999999999996
2.422,2.4211699999999987
2.54,2.5376299999999987
2.652,2.6551799999999957
2.501,2.499640000000002
2.542,2.5423700000000014
2.468,2.4679099999999976
2.346,2.344900000000002
2.597,2.5984200000000026
2.591,2.588530000000002
2.571,2.5689719999999996
2.482,2.4809199999999993
2.56,2.5594499999999996
2.589,2.586529999999999
2.662,2.6587800000000033
2.599,2.5930399999999967
2.506,2.509569999999999
2.369,2.3726399999999996
2.516,2.5141199999999975
2.526,2.5242500000000034
2.571,2.5730099999999982
2.635,2.633539999999997
2.49,2.4887300000000026
2.71,2.7062600000000008
2.324,2.321910000000002
2.542,2.54138
2.42,2.4174499999999965
2.309,2.3106899999999992
2.48,2.4808499999999984
2.354,2.3586300000000033
2.484,2.4867400000000024
2.503,2.5056499999999966
2.612,2.6139099999999984
2.349,2.348439999999998
2.591,2.5903600000000018
2.51,2.5088199999999974
2.603,2.601050000000001
2.457,2.4547099999999964
2.367,2.364999999999998
2.378,2.3764099999999986
2.371,2.366310000000002
2.548,2.5440200000000006
2.648,2.6518300000000004
2.444,2.443099999999996
2.563,2.5632199999999985
2.348,2.351800000000004
2.518,2.516340000000001
2.567,2.5634900000000034
2.355,2.3515599999999974
2.48,2.4817899999999984
2.572,2.575590000000002
2.634,2.6310799999999954
2.535,2.5374199999999982
2.572,2.570500000000002
2.459,2.4604100000000013
2.328,2.3257200000000005
2.553,2.55562
2.492,2.495239999999997
2.503,2.5068799999999984
2.609,2.6044700000000023
2.576,2.574569999999997
2.692,2.696230000000004
2.515,2.5125799999999945
2.431,2.425780000000003
2.481,2.482799999999998
2.542,2.5401600000000006
2.602,2.5984600000000015
2.353,2.3502900000000015
2.501,2.5049500000000022
2.661,2.6592800000000008
2.476,2.4709600000000007
2.593,2.5913699999999977
2.549,2.546260000000003
2.596,2.6002800000000015
2.419,2.415630000000002
2.419,2.4246900000000022
2.502,2.5004700000000026
2.347,2.3447100000000014
2.473,2.475960000000004
2.525,2.526920000000002
2.678,2.679909999999999
2.54,2.540429999999999
2.563,2.560469999999997
2.616,2.6204100000000032
2.404,2.4043399999999977
2.483,2.485240000000001
2.492,2.4911099999999977
2.612,2.610299999999999
2.596,2.593270000000002
2.352,2.349170000000001
2.531,2.5266900000000025
2.515,2.517359999999995
2.533,2.536759999999996
2.425,2.4232400000000034
2.388,2.3870800000000028
2.452,2.4543599999999994
2.49,2.4875400000000023
2.618,2.614189999999998
2.682,2.682439999999997
2.64,2.638999999999996
2.586,2.5865800000000037
2.4,2.403850000000002
2.459,2.463460000000002
2.521,2.5253899999999962
2.437,2.440790000000003
2.558,2.5577999999999985
2.572,2.57276
2.554,2.55446
2.603,2.600870000000001
2.41,2.4084599999999985
2.593,2.589379999999997
2.43,2.4332400000000023
2.406,2.4098100000000025
2.553,2.5562699999999987
2.622,2.6190700000000042
2.549,2.5521100000000025
2.502,2.4980900000000026
2.531,2.5310900000000025
2.514,2.5185200000000036
2.387,2.386240000000001
2.376,2.3808100000000016
2.492,2.493189999999998
2.508,2.5093500000000026
2.501,2.505410000000002
2.568,2.5639400000000028
2.478,2.481080000000002
2.556,2.5504600000000033
2.486,2.485769999999998
2.682,2.6818299999999975
2.508,2.5075200000000035
2.535,2.534409999999999
2.479,2.4819100000000045
2.41,2.4137699999999986
2.356,2.352149999999997
2.401,2.3982600000000014
2.412,2.4127800000000033
2.539,2.540259999999996
2.447,2.444620000000001
2.519,2.515010000000003
2.628,2.629849999999997
2.491,2.4898300000000053
2.708,2.70579
2.382,2.3828300000000024
2.485,2.4897000000000036
2.446,2.4438099999999987
2.594,2.5916099999999975
2.276,2.280280000000002
2.356,2.3531299999999984
2.489,2.490760000000001
2.655,2.6551500000000003
2.523,2.518299999999998
2.365,2.3679400000000017
2.38,2.3821099999999977
2.667,2.66328
2.438,2.4400999999999966
2.406,2.403930000000003
2.648,2.650959999999999
2.601,2.6011299999999995
2.627,2.6292500000000034
2.405,2.40151
2.347,2.348490000000001
2.513,2.5119600000000015
2.534,2.533879999999999
2.536,2.531790000000001
2.648,2.642859999999999
2.327,2.3289299999999984
2.586,2.5819400000000043
2.39,2.390929999999996
2.586,2.5845500000000037
2.453,2.454800000000001
2.419,2.419560000000003
2.439,2.4416899999999977
2.355,2.3523799999999966
2.504,2.5064499999999983
2.423,2.420940000000001
2.579,2.579380000000002
2.564,2.5595799999999964
2.669,2.669050000000002
2.537,2.537090000000002
2.552,2.5531899999999994
2.64,2.635569999999997
2.437,2.4375900000000024
2.351,2.35491
2.52,2.5258300000000027
2.358,2.3549500000000005
2.646,2.6480299999999968
2.716,2.7211900000000027
2.506,2.5079599999999997
2.555,2.552610000000004
2.454,2.4516800000000014
2.588,2.5850599999999972
2.378,2.374029999999998
2.421,2.420069999999999
2.354,2.354140000000004
2.648,2.6505199999999998
2.682,2.6810399999999976
2.36,2.362930000000005
2.629,2.6309099999999965
2.595,2.5941199999999993
2.343,2.342679999999998
2.461,2.4642300000000024
2.442,2.4408500000000024
2.575,2.571189999999997
2.377,2.3746200000000015
2.49,2.4889000000000023
2.431,2.4338500000000045
2.547,2.5492399999999993
2.478,2.4733900000000015
2.446,2.4421399999999993
2.479,2.4810900000000045
2.704,2.705390000000001
2.458,2.461119999999999
2.396,2.3956699999999955
2.558,2.5617699999999957
2.486,2.486779999999998
2.358,2.364390000000002
2.723,2.7227400000000057
2.465,2.4670300000000016
2.462,2.4627899999999974
2.516,2.514299999999998
2.673,2.670300000000001
2.332,2.3300499999999977
2.528,2.5301799999999988
2.709,2.7123800000000022
2.513,2.513660000000002
2.376,2.3792400000000016
2.438,2.439079999999998
2.521,2.5218099999999954
2.633,2.631480000000003
2.466,2.4675600000000024
2.583,2.580949999999999
2.356,2.3565799999999983
2.356,2.355519999999998
2.452,2.4495499999999995
2.644,2.6488600000000027
2.507,2.507140000000003
2.529,2.5332399999999993
2.528,2.5279399999999983
2.611,2.6118999999999977
2.439,2.4381099999999973
2.569,2.5694099999999964
2.417,2.4160900000000005
2.698,2.701500000000001
2.42,2.4147599999999962
2.412,2.411650000000003
2.555,2.5586100000000025
2.508,2.5092100000000026
2.533,2.532109999999997
2.523,2.517949999999998
2.391,2.3929899999999993
2.661,2.6605500000000006
2.589,2.587579999999999
2.636,2.635419999999998
2.447,2.4431500000000015
2.542,2.5405100000000003
2.52,2.52045
2.613,2.60995
2.616,2.615980000000003
2.519,2.517320000000002
2.348,2.346660000000004
2.678,2.6780799999999996
2.556,2.559460000000003
2.439,2.4382299999999977
2.541,2.5433099999999986
2.349,2.349899999999998
2.606,2.6076699999999984
2.353,2.3513800000000016
2.478,2.478730000000003
2.524,2.5243800000000007
2.604,2.604410000000004
2.511,2.509949999999998
2.563,2.5612299999999966
2.497,2.500670000000003
2.497,2.4942600000000033
2.509,2.5119199999999973
2.481,2.480229999999997
2.331,2.3325399999999967
2.423,2.421270000000001
2.524,2.5265400000000007
2.475,2.4812799999999977
2.484,2.486800000000002
2.468,2.469389999999998
2.414,2.4131199999999957
2.451,2.455399999999997
2.469,2.4683699999999975
2.501,2.497840000000002
2.539,2.536439999999997
2.482,2.4852000000000007
2.397,2.395429999999998
2.36,2.3560900000000036
2.387,2.38859
2.448,2.4508900000000007
2.552,2.5535899999999994
2.536,2.538460000000001
2.552,2.5542799999999977
2.456,2.461509999999998
2.524,2.5218399999999996
2.506,2.5080599999999995
2.469,2.469159999999998
2.525,2.523440000000002
2.606,2.604549999999999
2.498,2.497369999999997
2.498,2.495319999999998
2.607,2.6063
2.596,2.5938800000000013
2.658,2.656619999999996
2.324,2.3305900000000026
2.591,2.587800000000002
2.56,2.5608400000000002
2.411,2.4112800000000014
2.525,2.521470000000003
2.605,2.6046199999999975
2.417,2.413300000000001
2.544,2.5422200000000026
2.587,2.585019999999998
2.393,2.3935999999999997
2.486,2.488289999999998
2.53,2.5316400000000012
2.42,2.420049999999996
2.412,2.4153700000000025
2.486,2.4868899999999976
2.58,2.583380000000003
2.564,2.5627419999999965
2.414,2.413049999999998
2.565,2.5670999999999986
2.416,2.4177299999999984
2.339,2.3409999999999993
2.463,2.4587499999999967
2.612,2.609819999999998
2.566,2.5647500000000014
2.5,2.5011799999999997
2.458,2.4574100000000003
2.461,2.459360000000004
2.511,2.5099899999999984
2.393,2.39377
2.465,2.4642500000000003
2.478,2.481740000000002
2.365,2.365410000000002
2.416,2.4172399999999974
2.541,2.5401999999999973
2.501,2.5054600000000016
2.469,2.4683899999999976
2.409,2.4126299999999974
2.658,2.657349999999996
2.416,2.4161399999999986
2.525,2.5217500000000026
2.451,2.4483299999999963
2.504,2.5060599999999984
2.546,2.551709999999999
2.363,2.36313
2.499,2.5033899999999973
2.619,2.621730000000001
2.676,2.6786599999999963
2.487,2.4844199999999974
2.504,2.499539999999998
2.721,2.7182800000000027
2.613,2.61303
2.438,2.4403299999999977
2.438,2.4401299999999964
2.596,2.599340000000002
2.399,2.3963400000000004
2.609,2.610080000000002
2.533,2.5321899999999973
2.552,2.551039999999999
2.474,2.4718899999999975
2.437,2.438430000000002
2.646,2.650389999999997
2.475,2.4788099999999984
2.459,2.4604200000000014
2.492,2.4881599999999975
2.519,2.5225900000000014
2.397,2.3985199999999973
2.444,2.4433799999999963
2.438,2.439599999999997
2.585,2.585500000000002
2.411,2.4082600000000007
2.324,2.320110000000004
2.303,2.305449999999998
2.353,2.3503900000000018
2.636,2.638249999999998
2.502,2.505940000000001
2.55,2.5453900000000025
2.554,2.550870000000001
2.506,2.5039100000000003
2.493,2.488639999999998
2.604,2.6066100000000034
2.515,2.5165299999999973
2.64,2.6379099999999953
2.562,2.5630400000000035
2.438,2.440789999999997
2.45,2.4443699999999975
2.427,2.422489999999999
2.622,2.624390000000003
2.459,2.4614500000000015
2.42,2.417989999999997
2.532,2.5329100000000015
2.49,2.4852900000000027
2.529,2.524119999999998
2.689,2.693709999999998
2.591,2.5861200000000015
2.503,2.5033499999999975
2.359,2.3595900000000025
2.45,2.4541999999999975
2.571,2.56559
2.383,2.382250000000001
2.714,2.7099299999999986
2.501,2.502630000000003
2.505,2.5032199999999984
2.433,2.434869999999998
2.55,2.5534900000000027
2.384,2.3876099999999965
2.716,2.712300000000001
2.632,2.6311800000000023
2.598,2.5989400000000042
2.361,2.3651399999999976
2.521,2.5166799999999956
2.621,2.623740000000002
2.559,2.5593299999999988
2.4,2.403440000000002
2.435,2.4383500000000016
2.455,2.458040000000004
2.44,2.444749999999999
2.653,2.653289999999998
2.308,2.304429999999997
2.566,2.567480000000001
2.371,2.3721800000000015
2.404,2.3996799999999987
2.299,2.2965900000000024
2.445,2.443279999999996
2.651,2.650580000000003
2.526,2.529010000000002
2.38,2.3813399999999976
2.602,2.605980000000001
2.623,2.618259999999998
2.51,2.5104099999999967
2.703,2.6983699999999997
2.582,2.580949999999996
2.568,2.5654300000000023
2.42,2.417399999999997
2.563,2.561659999999997
2.522,2.5247399999999973
2.552,2.547709999999999
2.432,2.432889999999996
2.513,2.5102300000000017
2.418,2.418630000000002
2.285,2.287749999999999
2.6,2.603649999999999
2.35,2.345939999999997
2.511,2.5121799999999985
2.533,2.5360099999999957
2.533,2.5309999999999966
2.472,2.4658400000000005
2.527,2.5284599999999964
2.547,2.5510699999999984
2.573,2.57072
2.673,2.6780300000000015
2.523,2.5231699999999977
2.506,2.5020700000000007
2.409,2.414229999999998
2.544,2.5442300000000033
2.567,2.5668600000000033
2.481,2.4773799999999984
2.554,2.55712
2.471,2.4683400000000013
2.567,2.5672000000000033
2.591,2.5875700000000013
2.59,2.589690000000001
2.512,2.5141899999999997
2.396,2.394189999999996
2.439,2.4375899999999975
2.56,2.5590400000000013
2.466,2.463410000000001
2.546,2.550019999999999
2.444,2.4395799999999968
2.403,2.405929999999999
2.432,2.433789999999996
2.292,2.29208
2.635,2.6354899999999977
2.277,2.2769299999999957
2.474,2.472409999999999
2.382,2.3819200000000023
2.412,2.417740000000003
2.638,2.637080000000001
2.52,2.5172600000000034
2.403,2.402139999999999
2.441,2.4404000000000003
2.423,2.4249100000000015
2.496,2.497630000000002
2.517,2.512729999999999
2.69,2.692429999999999
2.308,2.3143899999999977
2.497,2.4935300000000042
2.468,2.4642699999999977
2.595,2.5946799999999994
2.535,2.535559999999998
2.559,2.555069999999999
2.535,2.536029999999998
2.407,2.4104500000000018
2.621,2.622450000000003
2.58,2.5827300000000037
2.592,2.5948400000000036
2.626,2.627000000000003
2.542,2.5405500000000014
2.648,2.6448399999999967
2.538,2.5375400000000035
2.478,2.482360000000002
2.499,2.493599999999999
2.498,2.4977199999999975
2.448,2.4431700000000016
2.663,2.6661000000000024
2.53,2.5317400000000005
2.509,2.506149999999995
2.539,2.539769999999996
2.387,2.38988
2.415,2.411809999999998
2.362,2.362199999999998
2.477,2.479550000000002
2.525,2.5208000000000026
2.453,2.451500000000001
2.446,2.4495399999999994
2.514,2.512220000000002
2.45,2.450219999999997
2.531,2.529320000000002
2.611,2.611129999999997
2.568,2.5723800000000034
2.588,2.584359999999998
2.609,2.6069000000000013
2.528,2.5255599999999974
2.484,2.4838900000000024
2.423,2.4195300000000004
2.461,2.4627700000000035
2.448,2.4471500000000006
2.573,2.5695900000000007
2.535,2.5357299999999983
2.57,2.5680999999999967
2.384,2.384569999999995
2.643,2.6477499999999994
2.457,2.453269999999996
2.39,2.3885599999999965
2.456,2.453879999999999
2.461,2.465330000000003
2.467,2.4696000000000033
2.481,2.4819999999999975
2.485,2.482110000000003
2.422,2.418829999999998
2.514,2.514860000000003
2.608,2.6058900000000005
2.531,2.5327400000000035
2.389,2.3924700000000025
2.466,2.4678400000000016
2.445,2.442059999999997
2.505,2.507019999999998
2.633,2.630700000000003
2.485,2.481440000000003
2.491,2.4920300000000055
2.678,2.6742499999999985
2.588,2.5866599999999966
2.557,2.5576299999999965
2.696,2.6989700000000005
2.549,2.553440000000002
2.301,2.3013799999999973
2.583,2.581569999999998
2.341,2.3462700000000014
2.545,2.542609999999996
2.329,2.33497
2.453,2.450180000000002
2.464,2.4638799999999996
2.423,2.4188000000000005
2.465,2.4646700000000017
2.603,2.605390000000002
2.429,2.4302000000000006
2.555,2.555340000000003
2.403,2.4007199999999984
2.481,2.4836399999999985
2.532,2.529550000000002
2.4,2.4057000000000017
2.369,2.3696200000000003
2.549,2.5533700000000037
2.612,2.6113799999999983
2.492,2.4912099999999984
2.454,2.4595900000000004
2.516,2.513919999999997
2.506,2.5005200000000003
2.524,2.527180000000001
2.393,2.3915
2.415,2.4170399999999987
2.515,2.508389999999996
2.519,2.516110000000003
2.564,2.563409999999997
2.526,2.5291200000000034
2.37,2.367490000000001
2.645,2.6458200000000023
2.627,2.628370000000002
2.374,2.3698299999999985
2.533,2.5306999999999964
2.44,2.4380499999999987
2.514,2.5107000000000035
2.605,2.6062699999999968
2.713,2.7175599999999984
2.575,2.572909999999996
2.529,2.527899999999997
2.466,2.4635800000000008
2.518,2.5145500000000003
2.636,2.6361399999999975
2.496,2.495160000000002
2.411,2.41223
2.338,2.338809999999997
2.551,2.5539999999999963
2.525,2.5259200000000024
2.435,2.438370000000001
2.603,2.6045000000000016
2.458,2.4597899999999995
2.487,2.487359999999997
2.498,2.5031799999999977
2.465,2.4685300000000026
2.524,2.528890000000001
2.615,2.612240000000002
2.386,2.389279999999998
2.549,2.5508200000000034
2.517,2.5151799999999973
2.515,2.514679999999995
2.587,2.587869999999997
2.505,2.5073499999999975
2.548,2.546010000000001
2.572,2.5706100000000007
2.45,2.4562999999999975
2.53,2.53159
2.475,2.478449999999997
2.487,2.4867999999999983
2.468,2.4647999999999963
2.547,2.545919999999999
2.508,2.506910000000003
2.539,2.539649999999996
2.498,2.5007299999999963
2.34,2.3416400000000017
2.503,2.501099999999998
2.506,2.5069299999999997
2.524,2.5272599999999987
2.441,2.44066
2.38,2.3772299999999973
2.562,2.563480000000003
2.473,2.4696700000000034
2.517,2.5158799999999975
2.472,2.4718800000000023
2.499,2.4972399999999975
2.455,2.457770000000003
2.403,2.4081399999999986
2.547,2.5434499999999987
2.44,2.436019999999998
2.516,2.5198599999999973
2.541,2.538219999999999
2.441,2.4418800000000016
2.38,2.381979999999998
2.447,2.444290000000001
2.562,2.5571700000000037
2.694,2.696659999999998
2.579,2.5812500000000007
2.47,2.4687699999999992
2.493,2.492549999999998
2.417,2.4151100000000008
2.588,2.587089999999998
2.557,2.555949999999998
2.449,2.4472000000000023
2.396,2.395479999999995
2.368,2.3686399999999987
2.599,2.600379999999999
2.512,2.5151200000000005
2.521,2.5233899999999956
2.418,2.4194600000000035
2.354,2.3510600000000035
2.596,2.5926200000000024
2.504,2.507459999999999
2.591,2.5941400000000012
2.461,2.459760000000003
2.476,2.479909999999999
2.571,2.5745799999999988
2.573,2.5696600000000016
2.58,2.5830600000000037
2.47,2.46777
2.561,2.5600000000000027
2.611,2.6118299999999963
2.49,2.489390000000003
2.449,2.4440400000000024
2.634,2.632139999999995
2.435,2.4391400000000005
2.563,2.5615299999999963
2.494,2.49472
2.316,2.3145700000000016
2.613,2.6096599999999994
2.302,2.299759999999999
2.553,2.5516299999999985
2.553,2.557029999999998
2.436,2.433180000000003
2.515,2.515199999999995
2.571,2.567479999999999
2.525,2.5292500000000024
2.495,2.4937100000000028
2.502,2.5071100000000026
2.549,2.5531800000000033
2.497,2.4937600000000013
2.313,2.317569999999997
2.72,2.722420000000001
2.62,2.6166600000000018
2.372,2.368580000000002
2.465,2.467240000000002
2.476,2.4733399999999994
2.608,2.6096700000000026
2.284,2.2881199999999993
2.45,2.446379999999997
2.324,2.3234600000000025
2.471,2.4734800000000017
2.453,2.449900000000001
2.508,2.506030000000003
2.44,2.4445599999999987
2.425,2.428640000000002
2.562,2.5568000000000044
2.545,2.5401399999999965
2.555,2.5586700000000033
2.482,2.48399
2.443,2.4451300000000034
2.488,2.4877650000000004
2.55,2.555850000000003
2.282,2.2889800000000027
2.539,2.5383099999999965
2.531,2.534910000000003
2.506,2.509569999999999
2.485,2.484760000000004
2.456,2.4580999999999964
2.679,2.68322
2.501,2.499400000000002
2.469,2.466399999999997
2.502,2.5040200000000015
2.535,2.535689999999998
2.566,2.5636300000000007
2.477,2.477210000000002
2.542,2.538030000000001
2.668,2.665980000000003
2.601,2.59797
2.434,2.4356699999999982
2.668,2.6638600000000032
2.421,2.4184799999999984
2.535,2.5348199999999976
2.573,2.575070000000001
2.449,2.449490000000004
2.509,2.507339999999996
2.591,2.5949200000000014
2.429,2.4261900000000005
2.667,2.6721400000000006
2.362,2.362789999999998
2.694,2.6889899999999987
2.6,2.602079999999998
2.491,2.490240000000004
2.46,2.4603900000000016
2.449,2.453690000000003
2.486,2.4840999999999993
2.495,2.4973700000000014
2.626,2.623140000000002
2.697,2.6984600000000007
2.52,2.5243000000000024
2.415,2.4167299999999994
2.445,2.443569999999996
2.482,2.4835499999999997
2.397,2.3939499999999994
2.382,2.385660000000002
2.71,2.707560000000001
2.53,2.533570000000001
2.417,2.4169
2.582,2.5839899999999982
2.382,2.385460000000002
2.39,2.389039999999997
2.42,2.4170999999999965
2.665,2.6661099999999998
2.475,2.471409999999997
2.621,2.6203600000000025
2.469,2.467839999999997
2.315,2.3188099999999983
2.468,2.467469999999997
2.552,2.5522799999999988
2.54,2.5395199999999987
2.68,2.6781400000000035
2.415,2.4144899999999985
2.505,2.5052599999999985
2.43,2.4334800000000034
2.346,2.345770000000002
2.589,2.593929999999999
2.546,2.5463499999999986
2.528,2.5321299999999987
2.543,2.539160000000003
2.431,2.4346500000000026
2.399,2.3956700000000004
2.504,2.506599999999998
2.616,2.6130900000000037
2.661,2.661020000000001
2.58,2.583790000000004
2.503,2.5084799999999983
2.527,2.5311999999999957
2.501,2.5044100000000014
2.397,2.394009999999997
2.502,2.5041500000000023
2.367,2.3642799999999973
2.488,2.487110000000001
2.664,2.660999999999996
2.582,2.585009999999997
2.408,2.409859999999996
2.493,2.4904199999999985
2.417,2.4150799999999992
2.494,2.49095
2.604,2.598980000000004
2.565,2.5619299999999985
2.619,2.617130000000001
2.52,2.517110000000003
2.568,2.5742100000000026
2.48,2.483419999999998
2.387,2.38501
2.631,2.6300400000000006
2.601,2.6025100000000005
2.476,2.47915
2.527,2.532059999999996
2.624,2.6179999999999977
2.585,2.58489
2.354,2.3506300000000047
2.524,2.52744
2.483,2.4847200000000025
2.611,2.6077299999999974
2.603,2.600160000000003
2.632,2.629960000000001
2.388,2.390560000000003
2.422,2.417779999999997
2.611,2.6087699999999967
2.441,2.442330000000002
2.348,2.3521800000000033
2.553,2.553969999999999
2.445,2.4401799999999962
2.679,2.6825400000000013
2.53,2.532770000000001
2.516,2.516029999999998
2.463,2.465709999999997
2.659,2.659929999999999
2.536,2.5353100000000013
2.459,2.4559500000000014
2.421,2.4233699999999976
2.493,2.495609999999998
2.402,2.398779999999995
2.603,2.6046700000000023
2.319,2.3175799999999978
2.486,2.485569999999998
2.561,2.562020000000002
2.534,2.5369899999999985
2.428,2.4261899999999983
2.566,2.5681600000000007
2.411,2.41233
2.498,2.497119999999997
2.565,2.5608999999999997
2.546,2.543779999999999
2.432,2.437329999999997
2.62,2.6155000000000017
2.509,2.508859999999996
2.574,2.5766000000000036
2.653,2.6526299999999985
2.612,2.6113799999999974
2.612,2.6132199999999988
2.519,2.518210000000002
2.579,2.5744600000000015
2.521,2.5213999999999954
2.379,2.3734399999999987
2.53,2.5290100000000013
2.526,2.524880000000002
2.558,2.5583499999999972
2.487,2.4852899999999987
2.424,2.4282300000000028
2.566,2.560880000000002
2.369,2.3698599999999996
2.646,2.642539999999997
2.477,2.4743300000000015
2.525,2.5250700000000026
2.556,2.5588400000000036
2.559,2.558799999999998
2.359,2.357220000000003
2.582,2.5847699999999976
2.53,2.5237
2.436,2.437270000000003
2.425,2.4224900000000025
2.467,2.463850000000003
2.37,2.372880000000003
2.672,2.6656199999999983
2.649,2.6495400000000013
2.545,2.541689999999996
2.478,2.4812900000000013
2.48,2.4863199999999983
2.576,2.580249999999997
2.676,2.679509999999998
2.443,2.441760000000004
2.388,2.392410000000002
2.655,2.6523299999999996
2.321,2.3211499999999985
2.399,2.3994200000000006
2.475,2.4785099999999973
2.344,2.3411199999999974
2.611,2.6102299999999974
2.586,2.587240000000004
2.443,2.4432000000000036
2.628,2.630549999999998
2.645,2.6479500000000025
2.489,2.487820000000002
2.455,2.460530000000004
2.726,2.7270700000000003
2.572,2.5750300000000017
2.526,2.5234000000000028
2.636,2.6350699999999985
2.53,2.527720000000001
2.449,2.446080000000004
2.508,2.5058400000000027
2.604,2.6078200000000034
2.301,2.2997799999999966
2.471,2.4690800000000026
2.638,2.6324400000000012
2.449,2.4463300000000032
2.655,2.6559700000000004
2.641,2.6368799999999974
2.493,2.4988999999999977
2.443,2.4428000000000027
2.471,2.4673200000000017
2.687,2.6849100000000035
2.513,2.5119900000000026
2.439,2.4373299999999958
2.512,2.5113600000000003
2.524,2.5296700000000003
2.376,2.371720000000003
2.508,2.5068600000000028
2.632,2.6302200000000027
2.32,2.3197199999999962
2.583,2.5840199999999998
2.637,2.6313400000000007
2.444,2.4419499999999967
2.669,2.663170000000002
2.431,2.4334300000000035
2.544,2.5426200000000017
2.469,2.4678099999999983
2.469,2.4676899999999984
2.438,2.435399999999997
2.57,2.574889999999997
2.585,2.579300000000002
2.494,2.4910900000000002
2.364,2.3636800000000013
2.54,2.5433499999999998
2.542,2.5449199999999994
2.478,2.4767100000000024
2.687,2.689240000000004
2.344,2.3435999999999977
2.278,2.277349999999998
2.427,2.423919999999998
2.571,2.56711
2.394,2.393150000000003
2.402,2.404829999999997
2.595,2.5905100000000005
2.546,2.543809999999998
2.538,2.5394100000000024
2.578,2.5797700000000017
2.457,2.458479999999997
2.462,2.461369999999998
2.581,2.5790199999999976
2.366,2.3666500000000052
2.286,2.2882499999999997
2.457,2.4609599999999974
2.593,2.5963199999999973
2.526,2.5288000000000026
2.586,2.584700000000004
2.298,2.2995600000000014
2.532,2.5298200000000035
2.565,2.5629399999999993
2.365,2.366410000000003
2.586,2.587040000000004
2.489,2.486290000000002
2.282,2.2793400000000026
2.637,2.64172
2.461,2.4604600000000034
2.338,2.3392799999999965
2.447,2.4461800000000022
2.528,2.529439999999997
2.604,2.6053100000000033
2.672,2.6727299999999996
2.642,2.6467199999999993
2.403,2.4085699999999983
2.613,2.61341
2.539,2.5381999999999967
2.435,2.4372600000000006
2.479,2.4751800000000035
2.429,2.4323400000000017
2.504,2.5014299999999974
2.427,2.4287599999999996
2.397,2.3944199999999993
2.548,2.5447200000000008
2.563,2.560959999999997
2.481,2.484139999999998
2.637,2.6367300000000005
2.474,2.477459999999998
2.47,2.46774
2.566,2.564670000000001
2.487,2.4866499999999983
2.508,2.5095700000000027
2.502,2.499210000000003
2.317,2.3154100000000026
2.378,2.3738999999999977
2.366,2.365410000000004
2.396,2.3932599999999966
2.445,2.4423899999999974
2.451,2.4477299999999964
2.566,2.5666100000000016
2.522,2.5198599999999978
2.31,2.311770000000001
2.508,2.5060700000000016
2.532,2.5366000000000013
2.467,2.4658800000000043
2.494,2.49138
2.519,2.517040000000002
2.576,2.5713499999999976
2.343,2.341969999999998
2.476,2.4794199999999997
2.651,2.6481800000000026
2.642,2.6438799999999993
2.585,2.5842100000000015
2.554,2.5582100000000003
2.665,2.6604699999999992
2.692,2.6886700000000037
2.487,2.4883499999999983
2.403,2.3996999999999984
2.473,2.4716200000000033
2.343,2.3441099999999975
2.453,2.455890000000002
2.359,2.3578200000000025
2.512,2.51548
2.38,2.382829999999998
2.489,2.4907400000000024
2.305,2.302850000000004
2.562,2.5611000000000015
2.622,2.618240000000004
2.462,2.4608099999999977
2.486,2.486069999999997
2.484,2.4849700000000015
2.518,2.51353
2.496,2.495090000000003
2.577,2.5787899999999992
2.623,2.6241299999999974
2.419,2.4187200000000026
2.469,2.470549999999998
2.59,2.590160000000002
2.358,2.3642000000000025
2.303,2.298359999999999
2.523,2.5226099999999985
2.55,2.5482600000000017
2.428,2.424289999999999
2.442,2.440480000000002
2.424,2.4213800000000028
2.413,2.414100000000003
2.569,2.5681499999999975
2.382,2.3860500000000022
2.473,2.476670000000003
2.409,2.407879999999998
2.354,2.357960000000004
2.587,2.586019999999997
2.448,2.4463100000000013
2.519,2.515620000000003
2.349,2.351229999999997
2.426,2.4214399999999974
2.576,2.5791799999999965
2.302,2.306019999999999
2.48,2.473799999999997
2.541,2.5368599999999986
2.438,2.439839999999998
2.585,2.5834500000000014
2.413,2.4153900000000026
2.515,2.511849999999996
2.448,2.450710000000002
2.622,2.6194300000000044
2.432,2.436549999999997
2.465,2.4656300000000018
2.595,2.59325
2.397,2.3963599999999983
2.507,2.508390000000002
2.318,2.3176900000000025
2.391,2.3937499999999976
2.538,2.538520000000004
2.401,2.404240000000002
2.446,2.4408499999999997
2.549,2.5460300000000036
2.442,2.441770000000003
2.582,2.577039999999998
2.522,2.5245399999999987
2.544,2.5471900000000027
2.624,2.620549999999999
2.532,2.534750000000001
2.654,2.653619999999998
2.591,2.588430000000001
2.448,2.452520000000002
2.629,2.631449999999997
2.526,2.521390000000002
2.461,2.460450000000002
2.528,2.523489999999998
2.611,2.6104099999999972
2.546,2.5487499999999987
2.682,2.6822299999999974
2.609,2.6089100000000025
2.552,2.5559199999999986
2.397,2.402189999999998
2.482,2.4817300000000007
2.507,2.5104700000000015
2.57,2.5713799999999964
2.564,2.561849999999997
2.517,2.5108999999999977
2.512,2.5133
2.572,2.568570000000002
2.414,2.4117999999999973
2.67,2.6725899999999974
2.295,2.294699999999997
2.646,2.647009999999996
2.495,2.4983200000000014
2.6,2.6020199999999982
2.536,2.5384100000000007
2.535,2.533749999999998
2.555,2.558370000000003
2.581,2.5804499999999964
2.467,2.467160000000004
2.603,2.6031100000000023
2.392,2.3911999999999973
2.499,2.493649999999998
2.584,2.585210000000002
2.6,2.603059999999998
2.546,2.5428399999999995
2.461,2.461700000000003
2.59,2.588280000000001
2.433,2.4359099999999962
2.675,2.6738200000000036
2.492,2.4967599999999974
2.346,2.341670000000002
2.381,2.38166
2.504,2.5060999999999978
2.514,2.5144400000000022
2.697,2.6990600000000007
2.396,2.3957399999999964
2.504,2.5078799999999974
2.394,2.390810000000002
2.451,2.453619999999996
2.668,2.665230000000003
2.386,2.3841699999999992
2.559,2.560329999999999
2.539,2.541539999999996
2.498,2.5025799999999974
2.552,2.554179999999999
2.384,2.378279999999997
2.666,2.6698099999999982
2.692,2.6951200000000024
2.505,2.508909999999999
2.46,2.462020000000001
2.54,2.5424899999999977
2.643,2.6450199999999997
2.454,2.4554000000000022
2.362,2.3598199999999974
2.339,2.3379399999999992
2.706,2.703529999999997
2.447,2.4450000000000007
2.481,2.4844899999999974
2.389,2.3886900000000013
2.595,2.59025
2.422,2.4215799999999987
2.451,2.454549999999997
2.53,2.5320300000000002
2.394,2.395740000000002
2.482,2.4827600000000007
2.64,2.6436199999999963
2.543,2.5442200000000024
2.513,2.5146000000000006
2.521,2.521899999999996
2.461,2.458680000000004
2.7,2.7001699999999964
2.419,2.420800000000003
2.521,2.5185599999999955
2.512,2.5111399999999997
2.601,2.60335
2.61,2.608970000000004
2.497,2.5008700000000026
2.529,2.5309199999999983
2.533,2.5310899999999954
2.273,2.2725599999999986
2.341,2.3419100000000013
2.439,2.439889999999998
2.444,2.4420699999999966
2.38,2.378849999999998
2.575,2.577959999999997
2.5,2.4963500000000005
2.479,2.481790000000004
2.374,2.373609999999998
2.496,2.499080000000003
2.484,2.4863700000000026
2.506,2.5082199999999997
2.524,2.5205800000000003
2.344,2.3453799999999974
2.522,2.5240599999999977
2.396,2.393119999999995
2.419,2.4167400000000034
2.572,2.569560000000002
2.701,2.7028799999999986
2.505,2.5035399999999988
2.418,2.4151100000000034
2.519,2.5163500000000023
2.594,2.591599999999997
2.562,2.5627900000000032
2.428,2.431959999999999
2.525,2.5210300000000023
2.655,2.65575
2.649,2.65108
2.305,2.302670000000003
2.5,2.5003200000000008
2.648,2.645289999999999
2.57,2.5681599999999976
2.463,2.4614799999999972
2.399,2.39692
2.722,2.7253700000000003
2.573,2.5768200000000014
2.415,2.415349999999998
2.48,2.4817399999999976
2.531,2.530120000000003
2.554,2.5532100000000018
2.41,2.412509999999999
2.439,2.4388499999999964
2.335,2.340500000000002
2.604,2.6040600000000045
2.466,2.4658400000000014
2.547,2.549629999999998
2.642,2.6395199999999983
2.522,2.5240299999999976
2.489,2.492440000000001
2.519,2.5179600000000013
2.506,2.5105899999999988
2.625,2.62758
2.531,2.5358800000000015
2.446,2.4496199999999995
2.605,2.603379999999998
2.623,2.626069999999997
2.366,2.3690700000000047
2.653,2.653999999999998
2.536,2.530640000000001
2.528,2.529189999999998
2.601,2.6018600000000003
2.443,2.443030000000003
2.595,2.592919999999999
2.462,2.4567099999999957
2.353,2.3587900000000013
2.4,2.3987600000000024
2.557,2.5591699999999964
2.405,2.41048
2.661,2.6622199999999996
2.619,2.62322
2.633,2.6334300000000024
2.512,2.5152799999999993
2.526,2.5297500000000017
2.381,2.38352
2.6,2.603329999999998
2.538,2.535290000000003
2.557,2.553299999999998
2.669,2.670030000000003
2.439,2.440679999999997
2.487,2.4857899999999975
2.533,2.5364299999999953
2.406,2.4103500000000024
2.481,2.4850399999999975
2.549,2.549790000000002
2.467,2.463680000000003
2.631,2.6303499999999995
2.349,2.345959999999997
2.612,2.61346
2.566,2.5681100000000003
2.443,2.4413500000000026
2.408,2.403549999999997
2.292,2.292970000000001
2.42,2.4186799999999975
2.605,2.6055999999999977
2.494,2.493173333333333
2.616,2.6113700000000053
2.438,2.4376699999999967
2.571,2.5666299999999995
2.428,2.424609999999999
2.403,2.4090899999999986
2.489,2.488470000000003
2.434,2.4374299999999987
2.346,2.3444600000000015
2.482,2.4822
2.511,2.5077099999999977
2.627,2.6291400000000023
2.594,2.597269999999997
2.622,2.6244400000000025
2.572,2.576650000000001
2.533,2.5335999999999954
2.377,2.3725500000000017
2.515,2.5148999999999955
2.56,2.5572900000000014
2.646,2.640329999999997
2.569,2.565779999999997
2.624,2.6200099999999993
2.397,2.395899999999999
2.467,2.4649000000000045
2.543,2.5379300000000025
2.616,2.6129600000000037
2.485,2.485960000000004
2.492,2.487629999999998
2.569,2.566689999999997
2.387,2.3907000000000007
2.661,2.65811
2.412,2.411620000000003
2.308,2.311849999999998
2.501,2.497110000000002
2.67,2.6653099999999967
2.559,2.5627999999999997
2.575,2.573979999999997
2.504,2.5107899999999965
2.485,2.4868500000000036
2.346,2.3515300000000026
2.274,2.275260000000001
2.52,2.5176100000000026
2.631,2.6307699999999996
2.534,2.538709999999998
2.562,2.558560000000003
2.658,2.6634099999999963
2.533,2.5316599999999965
2.488,2.49022
2.418,2.416470000000003
2.702,2.7018899999999997
2.553,2.5490799999999982
2.406,2.4094900000000026
2.383,2.3872000000000035
2.625,2.62636
2.396,2.3949699999999963
2.685,2.6829100000000015
2.642,2.6406899999999975
2.549,2.551430000000003
2.512,2.5138700000000003
2.482,2.484820000000001
2.689,2.6863799999999975
2.571,2.5675499999999984
2.41,2.4116499999999985
2.328,2.3310700000000004
2.518,2.51695
2.5,2.49783
2.348,2.344520000000004
2.494,2.492513333333333
2.443,2.4419100000000022
2.501,2.498310000000002
2.573,2.5758400000000017
2.649,2.652020000000001
2.591,2.5905700000000023
2.428,2.4311399999999983
2.537,2.538300000000002
2.506,2.510209999999999
2.367,2.361999999999998
2.54,2.5390399999999977
2.686,2.690030000000001
2.503,2.507489999999996
2.341,2.342830000000001
2.503,2.5033699999999977
2.379,2.3802699999999977
2.586,2.5870600000000037
2.552,2.5493299999999985
2.483,2.480270000000001
2.467,2.4651100000000024
2.479,2.4819800000000045
2.501,2.4985300000000032
2.423,2.419700000000001
2.361,2.361919999999998
2.614,2.612220000000002
2.461,2.4616300000000035
2.517,2.5192999999999985
2.529,2.528989999999997
2.532,2.5313900000000027
2.383,2.3800100000000013
2.332,2.334569999999997
2.441,2.440850000000002
2.54,2.5393599999999985
2.427,2.4256299999999986
2.465,2.465270000000001
2.713,2.7104699999999973
2.315,2.317579999999998
2.424,2.4228900000000033
2.69,2.687369999999999
2.496,2.5008200000000027
2.429,2.4247600000000005
2.617,2.618249999999998
2.506,2.5107900000000014
2.465,2.4635800000000017
2.519,2.5154100000000024
2.434,2.4360099999999987
2.398,2.3968399999999983
2.489,2.4888000000000017
2.399,2.4002500000000007
2.501,2.5049900000000007
2.535,2.5357599999999976
2.585,2.584500000000002
2.613,2.611359999999999
2.459,2.460760000000001
2.55,2.5532700000000035
2.549,2.552770000000003
2.533,2.5357499999999966
2.452,2.4466399999999995
2.397,2.398289999999998
2.55,2.5529800000000034
2.329,2.325590000000002
2.473,2.475070000000004
2.366,2.3686000000000043
2.412,2.4135200000000023
2.61,2.606690000000004
2.569,2.5696499999999975
2.445,2.4423899999999983
2.573,2.5788800000000016
2.589,2.590779999999999
2.484,2.487290000000003
2.362,2.363289999999999
2.479,2.4756800000000028
2.49,2.4883900000000025
2.377,2.375660000000002
2.537,2.5367300000000017
2.528,2.531369999999998
2.545,2.539949999999996
2.528,2.528999999999998
2.573,2.5747400000000016
2.482,2.485309999999999
2.52,2.5157300000000022
2.46,2.4600900000000014
2.442,2.440280000000003
2.634,2.637189999999996
2.296,2.2943299999999986
2.588,2.587599999999997
2.438,2.4384299999999977
2.425,2.422010000000003
2.526,2.5286500000000007
2.351,2.3497499999999993
2.418,2.416770000000003
2.415,2.4165899999999985
2.478,2.481880000000002
2.42,2.4187599999999976
2.66,2.6601399999999984
2.68,2.6821700000000046
2.298,2.2993700000000006
2.554,2.549970000000001
2.586,2.5871200000000028
2.554,2.558240000000001
2.434,2.434259999999999
2.476,2.472649999999999
2.425,2.424180000000003
2.458,2.453069999999998
2.379,2.381199999999997
2.489,2.4866700000000006
2.35,2.3473899999999976
2.48,2.4788599999999983
2.375,2.3744099999999992
2.521,2.5190299999999963
2.432,2.433469999999997
2.529,2.5287499999999983
2.608,2.610080000000002
2.659,2.6573499999999974
2.417,2.417580000000001
2.47,2.4701599999999995
2.546,2.5383099999999983
2.335,2.340250000000001
2.402,2.404999999999996
2.513,2.5127000000000015
2.508,2.508980000000002
2.538,2.535140000000003
2.544,2.5477800000000026
2.534,2.536879999999998
2.519,2.523180000000003
2.506,2.5071199999999996
2.566,2.5655800000000006
2.276,2.275830000000002
2.654,2.652749999999999
2.28,2.278170000000001
2.392,2.3947099999999995
2.477,2.478790000000002
2.567,2.567620000000003
2.497,2.4948800000000024
2.579,2.583160000000002
2.599,2.6020999999999987
2.43,2.4344300000000034
2.47,2.467939999999999
2.438,2.4393699999999967
2.461,2.463490000000004
2.397,2.3935299999999984
2.411,2.411640000000001
2.543,2.5389400000000024
2.513,2.5120700000000022
2.549,2.546820000000003
2.521,2.5242699999999956
2.57,2.5682499999999973
2.588,2.5901099999999984
2.326,2.3214799999999967
2.415,2.4168099999999986
2.477,2.474810000000002
2.498,2.502469999999998
2.433,2.4379699999999973
2.591,2.584750000000001
2.698,2.697520000000001
2.519,2.5144600000000015
2.508,2.5144000000000033
2.585,2.5841400000000023
2.313,2.3176399999999973
2.503,2.503889999999997
2.598,2.5964200000000033
2.436,2.438780000000002
2.377,2.3818600000000014
2.481,2.4788199999999985
2.494,2.4896699999999994
2.409,2.4127999999999985
2.71,2.7093700000000016
2.452,2.455779999999999
2.385,2.388099999999997
2.491,2.488150000000004
2.591,2.5965600000000024
2.502,2.4988700000000024
2.549,2.549660000000003
2.413,2.4114700000000022
2.649,2.6526000000000005
2.556,2.5564300000000033
2.605,2.604619999999997
2.537,2.540250000000003
2.582,2.5847599999999966
2.413,2.4165600000000027
2.451,2.449379999999997
2.635,2.636149999999998
2.656,2.6600500000000022
2.385,2.3885699999999983
2.525,2.5202200000000032
2.457,2.4603699999999966
2.43,2.430860000000003
2.528,2.531439999999997
2.614,2.6142600000000016
2.545,2.5412399999999966
2.468,2.466099999999999
2.551,2.547099999999996
2.464,2.4609199999999998
2.541,2.538909999999998
2.64,2.643119999999998
2.292,2.289230000000001
2.58,2.5829800000000045
2.346,2.346450000000001
2.623,2.6247799999999972
2.436,2.436590000000004
2.378,2.380289999999997
2.57,2.565059999999997
2.536,2.5352699999999997
2.4,2.396960000000002
2.375,2.37122
2.481,2.4828599999999983
2.38,2.378349999999998
2.394,2.394030000000002
2.512,2.5133400000000004
2.403,2.407479999999999
2.543,2.5411100000000015
2.649,2.6494899999999997
2.485,2.4887300000000043
2.513,2.5094700000000034
2.702,2.698879999999998
2.381,2.386909999999999
2.619,2.61565
2.607,2.607930000000002
2.585,2.5851500000000023
2.629,2.6326499999999977
2.528,2.5221699999999974
2.442,2.4420600000000032
2.609,2.6050900000000015
2.613,2.6114700000000006
2.611,2.607989999999997
2.504,2.5008899999999987
2.428,2.4246299999999987
2.519,2.5160700000000027
2.594,2.590149999999997
2.602,2.6019300000000016
2.457,2.4565699999999966
2.532,2.5347500000000034
2.369,2.366580000000001
2.598,2.6010600000000035
2.422,2.419439999999998
2.579,2.581370000000003
2.385,2.3839999999999977
2.603,2.603560000000002
2.532,2.534170000000003
2.422,2.418579999999999
2.569,2.5699799999999966
2.441,2.4376600000000006
2.575,2.576009999999997
2.473,2.4692900000000044
2.328,2.3251300000000015
2.402,2.397169999999997
2.457,2.461989999999997
2.637,2.6396699999999993
2.59,2.584980000000001
2.662,2.6617900000000025
2.665,2.66787
2.447,2.4449300000000016
2.481,2.4821599999999986
2.459,2.4613000000000027
2.433,2.4353699999999976
2.316,2.3138400000000003
2.499,2.504059999999998
2.371,2.365600000000002
2.497,2.5007000000000006
2.712,2.714779999999997
2.449,2.444690000000003
2.519,2.5212400000000024
2.591,2.5916100000000024
2.528,2.5326699999999978
2.529,2.5296299999999983
2.464,2.463129999999999
2.477,2.482490000000001
2.404,2.408259999999998
2.585,2.5833600000000017
2.326,2.3220999999999967
2.597,2.5990800000000025
2.36,2.362330000000005
2.596,2.5968100000000014
2.465,2.462230000000001
2.377,2.380300000000002
2.558,2.555099999999996
2.593,2.590149999999997
2.456,2.4561499999999974
2.572,2.5717800000000013
2.271,2.2729299999999966
2.368,2.3699199999999983
2.629,2.6276799999999976
2.478,2.4766200000000023
2.314,2.3162599999999975
2.43,2.4250900000000035
2.408,2.410399999999997
2.483,2.4850800000000026
2.463,2.4604999999999975
2.518,2.5168999999999997
2.493,2.4932799999999977
2.636,2.6367299999999982
2.542,2.5408500000000003
2.546,2.5447099999999985
2.617,2.6159299999999983
2.461,2.461090000000003
2.374,2.3701499999999984
2.621,2.6202200000000015
2.514,2.513890000000002
2.514,2.5114100000000024
2.437,2.4380200000000034
2.438,2.4409699999999965
2.585,2.5851700000000006
2.598,2.599790000000004
2.578,2.580910000000001
2.579,2.582480000000002
2.557,2.558509999999997
2.513,2.5117300000000027
2.482,2.4853600000000005
2.621,2.623170000000003
2.463,2.4629199999999973
2.537,2.535920000000003
2.42,2.4225399999999966
2.434,2.434799999999999
2.476,2.48033
2.42,2.4210899999999977
2.58,2.5817600000000023
2.365,2.366790000000003
2.51,2.5057499999999977
2.513,2.508320000000001
2.319,2.315759999999997
2.456,2.4575999999999976
2.526,2.5265200000000023
2.543,2.537380000000002
2.48,2.481759999999997
2.568,2.571710000000002
2.489,2.4918400000000016
2.501,2.504170000000001
2.525,2.5230900000000025
2.593,2.5943899999999966
2.432,2.430759999999996
2.451,2.4523799999999967
2.433,2.4350499999999964
2.467,2.4639500000000036
2.643,2.638299999999999
2.557,2.5573099999999966
2.387,2.38341
2.44,2.4382899999999994
2.537,2.5393500000000033
2.409,2.408599999999998
2.427,2.4247699999999988
2.634,2.6325599999999967
2.439,2.437709999999997
2.595,2.59291
2.626,2.627400000000001
2.427,2.423729999999999
2.411,2.413550000000001
2.472,2.471720000000001
2.391,2.388599999999997
2.512,2.5166599999999995
2.479,2.477920000000004
2.536,2.5370900000000005
2.64,2.6377699999999953
2.582,2.5839599999999967
2.549,2.5550300000000035
2.303,2.3002299999999987
2.544,2.5467200000000023
2.672,2.667489999999999
2.569,2.5671399999999966
2.484,2.482520000000003
2.415,2.417089999999999
2.58,2.5805900000000035
2.671,2.6749999999999985
2.578,2.5779600000000005
2.463,2.4631499999999975
2.406,2.4072200000000024
2.514,2.514090000000002
2.587,2.5876899999999967
2.461,2.460930000000003
2.471,2.4679400000000027
2.608,2.6060200000000022
2.615,2.6117300000000023
2.354,2.3508900000000033
2.429,2.4312899999999997
2.507,2.508790000000001
2.4,2.404610000000002
2.66,2.660039999999999
2.641,2.6363199999999996
2.447,2.444760000000002
2.678,2.679889999999999
2.5,2.5025299999999997
2.514,2.514570000000003
2.558,2.5588399999999973
2.64,2.635849999999995
2.628,2.6298799999999973
2.551,2.5502699999999963
2.486,2.489409999999998
2.551,2.555619999999997
2.418,2.4152300000000024
2.515,2.5120499999999955
2.389,2.3904700000000028
2.322,2.3220200000000015
2.505,2.5004599999999972
2.626,2.6284600000000005
2.593,2.5960199999999976
2.492,2.492489999999998
2.675,2.6715500000000025
2.443,2.4418000000000024
2.308,2.3106599999999964
2.282,2.278990000000002
2.382,2.375860000000003
2.582,2.5829399999999976
2.437,2.4383700000000044
2.546,2.5505399999999994
2.665,2.6614899999999992
2.39,2.391889999999997
2.548,2.54268
2.554,2.5549700000000013
2.414,2.414179999999997
2.635,2.6331199999999972
2.471,2.4685800000000016
2.462,2.4621199999999965
2.711,2.7091400000000045
2.552,2.5498399999999974
2.593,2.5939299999999967
2.635,2.6330999999999967
2.435,2.438670000000003
2.625,2.6286899999999993
2.45,2.452889999999997
2.446,2.445079999999999
2.473,2.4699800000000036
2.438,2.4396499999999968
2.582,2.581109999999997
2.527,2.5248899999999956
2.451,2.454019999999997
2.567,2.5630400000000035
2.472,2.469460000000001
2.467,2.4721900000000043
2.505,2.503929999999998
2.546,2.5488099999999987
2.539,2.535519999999996
2.464,2.470239999999999
2.585,2.584050000000002
2.478,2.4789000000000025
2.435,2.4371900000000015
2.353,2.349730000000002
2.598,2.5947000000000027
2.501,2.5038700000000023
2.521,2.517009999999997
2.605,2.605789999999997
2.452,2.454649999999999
2.363,2.3626
2.507,2.5035700000000016
2.531,2.535190000000003
2.474,2.4785299999999966
2.647,2.645269999999998
2.612,2.613809999999999
2.579,2.581280000000001
2.546,2.541899999999998
2.628,2.6323499999999957
2.397,2.3963299999999985
2.449,2.452600000000003
2.483,2.483200000000001
2.541,2.5403599999999975
2.564,2.5646599999999973
2.589,2.586729999999999
2.582,2.5815699999999966
2.525,2.5266300000000026
2.542,2.5386200000000003
2.391,2.3895599999999977
2.425,2.427560000000003
2.59,2.587400000000002
2.584,2.5834000000000015
2.572,2.5702000000000016
2.449,2.4483300000000026
2.591,2.5863900000000024
2.384,2.3832499999999954
2.608,2.605540000000002
2.474,2.476739999999998
2.668,2.6632900000000017
2.348,2.3460500000000035
2.676,2.677869999999998
2.464,2.46605
2.462,2.4595499999999975
2.519,2.516100000000001
2.43,2.432130000000002
2.493,2.4893599999999982
2.426,2.4233499999999957
2.43,2.4252400000000036
2.549,2.551900000000003
2.41,2.410609999999998
2.423,2.4207500000000013
2.363,2.3641300000000003
2.45,2.446349999999997
2.631,2.6332399999999994
2.415,2.4152599999999986
2.427,2.4242799999999987
2.519,2.5173300000000025
2.463,2.4613499999999977
2.723,2.722790000000004
2.484,2.4846500000000007
2.534,2.533749999999998
2.594,2.5910099999999976
2.592,2.588590000000003
2.523,2.519019999999998
2.484,2.4805499999999996
2.702,2.7035299999999993
2.49,2.4898600000000024
2.456,2.4588799999999966
2.435,2.434320000000001
2.327,2.321929999999999
2.582,2.5844699999999965
2.265,2.268149999999996
2.499,2.502879999999998
2.48,2.4781499999999967
2.724,2.7227399999999977
2.317,2.318140000000004
2.41,2.411619999999998
2.486,2.4841299999999973
2.48,2.4819299999999975
2.445,2.4417399999999967
2.492,2.499379999999997
2.374,2.370969999999998
2.536,2.5375700000000005
2.268,2.2705300000000004
2.497,2.4950400000000035
2.44,2.4394599999999995
2.602,2.597220000000002
2.676,2.6745899999999967
2.467,2.464510000000004
2.639,2.6376000000000035
2.468,2.468099999999998
2.403,2.4020799999999976
2.675,2.6735600000000033
2.552,2.5552099999999998
2.5,2.4984099999999994
2.569,2.5640499999999964
2.527,2.5228799999999962
2.493,2.492599999999998
2.367,2.3656299999999986
2.473,2.4727100000000033
2.562,2.5624900000000035
2.488,2.48895
2.59,2.5872000000000015
2.538,2.5362200000000024
2.412,2.4150200000000024
2.368,2.366629999999998
2.484,2.4884300000000015
2.448,2.45089
2.534,2.5357899999999973
2.428,2.4289199999999984
2.438,2.4370999999999974
2.605,2.6063299999999976
2.515,2.5138499999999957
2.43,2.4270200000000033
2.502,2.503210000000002
2.638,2.6333800000000025
2.529,2.528399999999999
2.559,2.561159999999999
2.425,2.4189200000000017
2.603,2.601480000000002
2.732,2.730270000000001
2.421,2.4216999999999995
2.382,2.386770000000001
2.518,2.51737
2.588,2.5856099999999973
2.491,2.4908700000000032
2.395,2.393970000000002
2.489,2.4879300000000013
2.56,2.562460000000002
2.459,2.4597900000000017
2.561,2.558840000000004
2.616,2.620150000000004
2.524,2.520730000000001
2.497,2.4939400000000025
2.583,2.579859999999999
2.414,2.415179999999996
2.405,2.4015399999999993
2.473,2.4776100000000043
2.451,2.4475099999999967
2.42,2.423049999999997
2.683,2.679219999999997
2.717,2.7162400000000035
2.465,2.4650300000000027
2.509,2.509749999999996
2.481,2.4807999999999977
2.611,2.6071299999999975
2.631,2.631819999999999
2.322,2.3212300000000017
2.548,2.547520000000001
2.369,2.375680000000001
2.676,2.677139999999998
2.544,2.5424900000000026
2.418,2.4141100000000018
2.476,2.475489999999999
2.471,2.4672200000000015
2.553,2.554599999999999
2.604,2.606860000000004
2.385,2.388169999999997
2.684,2.67934
2.661,2.6614500000000003
2.412,2.4137800000000023
2.507,2.5072400000000026
2.671,2.672419999999997
2.623,2.6236099999999976
2.466,2.4656000000000025
2.581,2.582049999999997
2.511,2.5089699999999984
2.437,2.435000000000004
2.517,2.5147599999999986
2.525,2.5226500000000027
2.448,2.450600000000001
2.544,2.542090000000003
2.375,2.3736300000000004
2.433,2.435359999999996
2.576,2.5780199999999973
2.325,2.3200099999999972
2.59,2.5866300000000018
2.299,2.299390000000004
2.327,2.3322999999999983
2.45,2.448569999999996
2.529,2.5270399999999973
2.633,2.6327300000000013
2.506,2.5081799999999994
2.475,2.4744599999999974
2.558,2.559999999999997
2.413,2.4127800000000024
2.514,2.5113700000000034
2.38,2.3778499999999987
2.508,2.5048900000000023
2.487,2.4914799999999966
2.42,2.4179099999999965
2.517,2.513969999999998
2.516,2.511349999999999
2.618,2.621319999999997
2.339,2.339499999999999
2.492,2.492559999999997
2.424,2.421590000000003
2.587,2.593729999999997
2.575,2.5778199999999973
2.551,2.555819999999997
2.43,2.426650000000004
2.589,2.5878999999999994
2.347,2.3467700000000016
2.326,2.3234299999999966
2.372,2.371890000000002
2.497,2.4980600000000033
2.568,2.5669800000000036
2.632,2.631570000000002
2.513,2.5133000000000028
2.343,2.3430399999999993
2.51,2.5123999999999986
2.609,2.6071000000000013
2.56,2.559010000000002
2.61,2.607100000000005
2.363,2.36403
2.459,2.462820000000002
2.408,2.411039999999997
2.672,2.6737799999999994
2.564,2.5628399999999965
2.453,2.450070000000002
2.428,2.425949999999999
2.486,2.4829199999999965
2.638,2.632410000000002
2.463,2.4653799999999966
2.512,2.509780000000001
2.51,2.513029999999998
2.504,2.506799999999998
2.435,2.43861
2.486,2.4864299999999973
2.482,2.4851200000000007
2.499,2.500819999999996
2.594,2.596549999999997
2.676,2.6767799999999973
2.416,2.415969999999999
2.461,2.463910000000003
2.417,2.4130900000000013
2.519,2.5160400000000034
2.446,2.4468699999999988
2.524,2.5201900000000004
2.61,2.610500000000004
2.549,2.5494500000000038
2.454,2.4502600000000014
2.546,2.5432099999999984
2.41,2.408589999999998
2.62,2.615970000000001
2.591,2.589220000000002
2.557,2.555589999999997
2.579,2.5833400000000024
2.425,2.4233100000000025
2.438,2.439039999999997
2.575,2.5708699999999975
2.423,2.4196200000000005
2.645,2.647790000000003
2.468,2.468639999999997
2.55,2.5473000000000035
2.71,2.707370000000001
2.429,2.4304900000000007
2.507,2.509060000000002
2.605,2.6031499999999976
2.595,2.592179999999999
2.467,2.465130000000004
2.448,2.4451400000000016
2.477,2.4743800000000022
2.645,2.646370000000004
2.472,2.4674100000000014
2.508,2.5105800000000027
2.457,2.456889999999998
2.571,2.567179999999998
2.516,2.5176599999999976
2.4,2.3981600000000016
2.403,2.406909999999998
2.3,2.2977800000000026
2.417,2.420580000000001
2.579,2.574030000000002
2.632,2.6300300000000014
2.569,2.573689999999998
2.555,2.5581300000000042
2.487,2.489569999999998
2.577,2.574539999999999
2.529,2.532699999999997
2.68,2.679510000000003
2.49,2.485390000000002
2.634,2.6372699999999973
2.587,2.5921999999999974
2.574,2.5776500000000033
2.299,2.297240000000003
2.593,2.588459999999996
2.487,2.4874199999999984
2.456,2.4582299999999977
2.352,2.3499200000000013
2.499,2.499099999999998
2.503,2.504289999999997
2.37,2.370610000000002
2.353,2.3566900000000013
2.549,2.5447800000000025
2.587,2.5847999999999973
2.519,2.5186500000000023
2.615,2.615670000000003
2.491,2.490670000000005
2.495,2.494420000000001
2.408,2.411569999999996
2.344,2.3437499999999964
2.685,2.684700000000001
2.613,2.607710000000001
2.361,2.3557699999999984
2.516,2.5165999999999973
2.49,2.4874300000000025
2.473,2.4692100000000043
2.459,2.4578100000000016
2.538,2.5364500000000034
2.582,2.582909999999997
2.54,2.5372399999999984
2.488,2.4859
2.484,2.484390000000002
2.594,2.5963899999999978
2.546,2.544309999999998
2.507,2.508730000000002
2.496,2.494290000000003
2.535,2.533129999999998
2.453,2.4496200000000012
2.582,2.583379999999998
2.392,2.393789999999998
2.459,2.4614100000000017
2.561,2.563070000000003
2.387,2.3852700000000002
2.343,2.345339999999998
2.506,2.506269999999999
2.33,2.3284000000000042
2.37,2.368190000000002
2.576,2.572609999999997
2.48,2.480689999999998
2.629,2.6316099999999967
2.38,2.3826599999999982
2.491,2.490490000000004
2.54,2.538159999999998
2.383,2.3832100000000027
2.603,2.605850000000002
2.551,2.5532499999999962
2.339,2.34344
2.496,2.4997200000000017
2.539,2.539069999999996
2.441,2.4427000000000016
2.352,2.3500400000000012
2.528,2.528279999999998
2.721,2.719170000000002
2.461,2.4616200000000035
2.657,2.655950000000003
2.425,2.422400000000004
2.522,2.5239699999999976
2.577,2.5737599999999996
2.499,2.497779999999998
2.47,2.4705499999999994
2.573,2.5772700000000013
2.689,2.6908699999999985
2.53,2.5254299999999996
2.448,2.4435200000000012
2.481,2.4833899999999973
2.513,2.5101200000000023
2.441,2.441730000000002
2.385,2.388759999999999
2.317,2.3193700000000037
2.536,2.5392600000000005
2.565,2.56394
2.46,2.4611300000000016
2.499,2.5035299999999974
2.383,2.3836200000000023
2.513,2.5131500000000018
2.548,2.5445200000000017
2.446,2.443419999999999
2.669,2.6727300000000014
2.416,2.4211999999999985
2.528,2.5293599999999983
2.585,2.5827400000000016
2.492,2.493839999999997
2.481,2.4773399999999977
2.357,2.3603300000000003
2.636,2.6369499999999984
2.483,2.4841900000000017
2.554,2.5573900000000007
2.567,2.565080000000003
2.437,2.4385300000000036
2.48,2.478449999999997
2.633,2.6336400000000015
2.388,2.3908500000000017
2.713,2.7152699999999985
2.426,2.421859999999997
2.382,2.3867900000000013
2.513,2.5134600000000016
2.721,2.7220400000000025
2.309,2.310539999999999
2.486,2.4882699999999964
2.548,2.5478500000000004
2.503,2.500829999999996
2.538,2.5378300000000023
2.428,2.423049999999998
2.44,2.4371999999999976
2.485,2.4839400000000036
2.387,2.3895100000000005
2.496,2.493150000000002
2.461,2.4603800000000042
2.453,2.4572500000000024
2.532,2.5343900000000033
2.318,2.3190900000000036
2.477,2.481170000000002
2.732,2.7275800000000014
2.391,2.392549999999998
2.629,2.628349999999999
2.505,2.505839999999998
2.44,2.438499999999998
2.368,2.3647599999999978
2.514,2.511870000000003
2.645,2.646250000000003
2.461,2.4596200000000037
2.492,2.495739999999998
2.601,2.6046500000000004
2.534,2.532779999999997
2.343,2.3458199999999976
2.51,2.5115299999999974
2.651,2.6528700000000036
2.496,2.493970000000003
2.539,2.536889999999996
2.48,2.4756999999999976
2.317,2.3191200000000034
2.332,2.3325099999999965
2.598,2.5984500000000037
2.427,2.4283999999999986
2.409,2.412339999999999
2.496,2.493520000000003
2.436,2.434150000000003
2.51,2.510009999999997
2.48,2.4876699999999987
2.38,2.3752599999999977
2.449,2.4457900000000037
2.544,2.5394100000000024
2.504,2.5060299999999978
2.492,2.4903599999999972
2.694,2.695079999999997
2.573,2.576480000000001
2.585,2.5827500000000017
2.483,2.4860100000000016
2.522,2.5192899999999976
2.457,2.461459999999998
2.578,2.581640000000001
2.489,2.4885400000000018
2.522,2.5250999999999983
2.516,2.5147399999999975
2.498,2.4998799999999974
2.433,2.436259999999998
2.432,2.433869999999997
2.569,2.5672099999999967
2.44,2.4378799999999985
2.471,2.4744400000000013
2.391,2.3912299999999975
2.549,2.5533600000000027
2.55,2.552000000000003
2.468,2.4676699999999965
2.571,2.575289999999998
2.314,2.3138899999999967
2.429,2.431130000000002
2.483,2.4875400000000014
2.383,2.388160000000001
2.325,2.325069999999997
2.469,2.4663999999999966
2.569,2.566299999999997
2.628,2.631549999999996
2.445,2.4434899999999957
2.573,2.5700300000000014
2.564,2.561679999999998
2.622,2.625980000000001
2.465,2.4642200000000014
2.32,2.3220399999999985
2.507,2.5096000000000016
2.399,2.3968100000000003
2.428,2.432119999999998
2.47,2.47226
2.466,2.466580000000002
2.514,2.509100000000003
2.57,2.5668399999999965
2.463,2.4643299999999972
2.54,2.535749999999999
2.501,2.499510000000002
2.594,2.592299999999997
2.481,2.4845599999999983
2.492,2.490049999999998
2.463,2.4625399999999966
2.484,2.4808500000000024
2.422,2.4204899999999983
2.412,2.4129400000000025
2.578,2.579300000000001
2.392,2.3905199999999978
2.468,2.4641799999999985
2.602,2.5993500000000025
2.465,2.462230000000002
2.583,2.5835199999999996
2.441,2.437940000000002
2.395,2.395600000000002
2.341,2.343660000000001
2.631,2.62872
2.386,2.387319999999998
2.575,2.5767599999999957
2.4,2.3985400000000023
2.632,2.6296600000000017
2.721,2.7187200000000025
2.331,2.3327299999999966
2.392,2.3906899999999975
2.577,2.5781699999999996
2.551,2.554039999999996
2.578,2.5781500000000017
2.443,2.442500000000004
2.699,2.6993500000000052
2.512,2.50853
2.378,2.3806199999999977
2.475,2.4752499999999973
2.38,2.3825399999999983
2.659,2.6597499999999985
2.434,2.43348
2.549,2.547040000000003
2.453,2.4517600000000015
2.438,2.439159999999997
2.309,2.309249999999999
2.56,2.5640099999999997
2.63,2.6247999999999987
2.408,2.4093899999999953
2.345,2.344429999999999
2.58,2.582270000000003
2.335,2.3366100000000016
2.622,2.6246600000000018
2.41,2.4124899999999987
2.39,2.3912199999999957
2.525,2.529040000000002
2.396,2.396769999999995
2.429,2.433090000000001
2.535,2.5395999999999996
2.664,2.6629199999999957
2.504,2.503029999999998
2.371,2.3726700000000025
2.398,2.398059999999998
2.599,2.599509999999997
2.56,2.560810000000002
2.639,2.6443900000000014
2.432,2.432439999999996
2.53,2.5327199999999994
2.543,2.5409100000000033
2.57,2.566089999999997
2.613,2.6114300000000004
2.428,2.429589999999998
2.489,2.4888200000000014
2.439,2.441019999999997
2.495,2.489790000000003
2.57,2.569099999999997
2.335,2.3341800000000017
2.611,2.6086099999999983
2.386,2.384929999999998
2.469,2.4682499999999963
2.624,2.627419999999997
2.533,2.5340999999999956
2.534,2.5344899999999977
2.382,2.3794800000000027
2.396,2.3961399999999955
2.594,2.5951299999999975
2.441,2.4410500000000015
2.451,2.452949999999997
2.596,2.6003800000000026
2.395,2.3926200000000013
2.527,2.527369999999996
2.504,2.5094999999999987
2.5,2.5030399999999995
2.448,2.4465100000000017
2.442,2.4414000000000033
2.392,2.389709999999998
2.548,2.545390000000001
2.433,2.433859999999997
2.597,2.5982100000000012
2.478,2.4792400000000017
2.394,2.392510000000003
2.476,2.4779799999999996
2.459,2.460780000000001
2.601,2.60344
2.463,2.4620499999999974
2.472,2.4750800000000024
2.641,2.6372699999999973
2.551,2.546489999999996
2.666,2.668399999999999
2.626,2.6248100000000028
2.411,2.41486
2.599,2.596379999999998
2.653,2.651899999999999
2.653,2.652449999999998
2.599,2.603589999999997
2.597,2.5944700000000016
2.47,2.4648000000000003
2.416,2.413929999999998
2.465,2.4639600000000015
2.334,2.3367900000000006
2.634,2.6338199999999974
2.472,2.4686100000000017
2.629,2.6245299999999983
2.377,2.370660000000002
2.608,2.6100100000000026
2.451,2.4494299999999964
2.372,2.3727000000000014
2.663,2.658570000000002
2.611,2.612199999999996
2.521,2.5214899999999956
2.503,2.506339999999996
2.544,2.541590000000004
2.519,2.520270000000002
2.421,2.4186799999999984
2.459,2.4613600000000027
2.696,2.701919999999999
2.656,2.6585000000000014
2.548,2.551350000000001
2.466,2.4655000000000014
2.42,2.417129999999997
2.427,2.422969999999998
2.445,2.442829999999997
2.715,2.71589
2.681,2.682340000000003
2.575,2.5805399999999987
2.404,2.4080499999999985
2.589,2.5901099999999992
2.476,2.47776
2.285,2.288589999999998
2.529,2.5311099999999978
2.416,2.4172499999999983
2.419,2.4202700000000035
2.475,2.474209999999998
2.45,2.4528699999999968
2.497,2.4989800000000026
2.492,2.4887099999999975
2.312,2.3118900000000027
2.652,2.651049999999996
2.402,2.4002999999999948
2.405,2.40373
2.467,2.4622000000000033
2.489,2.488540000000002
2.646,2.6488299999999976
2.527,2.5303299999999957
2.557,2.5555999999999965
2.527,2.5238399999999963
2.523,2.519109999999998
2.531,2.532640000000003
2.307,2.3028599999999972
2.475,2.4763899999999976
2.616,2.6184100000000057
2.38,2.375649999999999
2.542,2.5396000000000005
2.443,2.444450000000004
2.705,2.701700000000003
2.365,2.3683800000000037
2.562,2.563550000000003
2.359,2.3550700000000013
2.468,2.471429999999997
2.497,2.493610000000002
2.607,2.6069800000000005
2.392,2.3947599999999984
2.566,2.565610000000001
2.502,2.5061400000000007
2.527,2.531489999999996
2.596,2.593330000000002
2.372,2.3724200000000035
2.581,2.5813399999999973
2.443,2.4463200000000023
2.61,2.6119600000000047
2.533,2.5325199999999963
2.479,2.4762700000000044
2.441,2.439460000000001
2.582,2.5844299999999976
2.626,2.630010000000001
2.447,2.4473300000000004
2.387,2.382329999999999
2.569,2.5675699999999977
2.355,2.3583099999999977
2.369,2.370260000000001
2.394,2.3938200000000007
2.458,2.4612599999999993
2.366,2.3647500000000052
2.306,2.3024700000000022
2.386,2.390239999999999
2.564,2.5626399999999965
2.373,2.3705099999999986
2.466,2.4642700000000013
2.695,2.6985199999999967
2.495,2.5027600000000017
2.534,2.5352699999999975
2.405,2.4074400000000002
2.716,2.7165600000000008
2.446,2.4475399999999983
2.477,2.4794200000000015
2.632,2.633150000000001
2.482,2.4877099999999994
2.505,2.5084899999999988
2.472,2.4740600000000024
2.473,2.4698300000000035
2.537,2.5334900000000027
2.555,2.553660000000004
2.436,2.4361500000000023
2.423,2.420650000000002
2.439,2.440309999999996
2.36,2.362910000000004
2.341,2.3454300000000017
2.53,2.5289500000000005
2.594,2.5888799999999974
2.587,2.5868199999999986
2.475,2.480799999999997
2.39,2.3882999999999956
2.514,2.5130000000000035
2.458,2.4612199999999995
2.559,2.560299999999998
2.498,2.4933299999999976
2.31,2.3058400000000017
2.403,2.4026599999999982
2.501,2.502010000000002
2.509,2.509719999999996
2.359,2.3557600000000027
2.346,2.3439900000000016
2.506,2.5084000000000004
2.36,2.3627900000000044
2.333,2.3348999999999993
2.455,2.4551500000000037
2.451,2.4497099999999974
2.412,2.4142800000000033
2.43,2.4332400000000036
2.501,2.503980000000003
2.428,2.4314599999999986
2.507,2.5061800000000023
2.462,2.463919999999998
2.517,2.5142999999999978
2.588,2.5868999999999978
2.584,2.5832800000000002
2.629,2.628079999999997
2.584,2.5820500000000015
2.524,2.5230899999999994
2.457,2.453039999999996
2.461,2.4579500000000034
2.412,2.4148400000000025
2.5,2.50294
2.57,2.5743299999999967
2.427,2.423549999999999
2.496,2.494780000000003
2.432,2.435649999999997
2.521,2.518469999999995
2.445,2.4460199999999968
2.426,2.424739999999997
2.432,2.4325899999999963
2.55,2.5526400000000025
2.49,2.4897500000000012
2.457,2.4517399999999974
2.526,2.5263300000000024
2.459,2.4612200000000017
2.613,2.6126000000000005
2.403,2.4047999999999976
2.481,2.484517499999998
2.36,2.3571300000000033
2.465,2.4658900000000017
2.332,2.324979999999997
2.575,2.576899999999997
2.577,2.5769499999999987
2.578,2.577820000000001
2.503,2.5038199999999966
2.412,2.4141600000000025
2.42,2.4173299999999984
2.653,2.652899999999999
2.644,2.645130000000002
2.512,2.51273
2.448,2.448240000000002
2.637,2.638169999999999
2.431,2.4343800000000027
2.523,2.5182399999999983
2.635,2.635589999999998
2.416,2.4148399999999985
2.583,2.583769999999999
2.552,2.5535499999999987
2.496,2.4930500000000024
2.401,2.406110000000003
2.428,2.4282999999999992
2.529,2.5335999999999985
2.358,2.3610700000000024
2.513,2.514220000000002
2.554,2.5526000000000013
2.599,2.597009999999998
2.36,2.3637500000000036
2.632,2.627480000000003
2.67,2.6652999999999962
2.541,2.5426799999999985
2.396,2.3956499999999967
2.467,2.465150000000004
2.495,2.499710000000001
2.527,2.528959999999996
2.502,2.5034300000000007
2.528,2.5240999999999985
2.491,2.4888000000000035
2.527,2.5308599999999957
2.454,2.4498700000000015
2.466,2.4682900000000023
2.442,2.4428500000000017
2.692,2.6891400000000036
2.646,2.6475099999999956
2.556,2.5547800000000045
2.633,2.630740000000001
2.58,2.5812700000000035
2.518,2.51479
2.349,2.3455999999999984
2.474,2.4773399999999985
2.466,2.4630800000000015
2.387,2.38575
2.351,2.3496499999999996
2.549,2.545260000000003
2.532,2.533410000000003
2.383,2.3873700000000015
2.425,2.4232300000000033
2.616,2.614180000000004
2.412,2.4123500000000027
2.517,2.5187999999999975
2.481,2.4776899999999973
2.551,2.551679999999997
2.414,2.4164499999999967
2.509,2.505289999999997
2.517,2.518519999999998
2.523,2.5203099999999985
2.508,2.508210000000002
2.534,2.533719999999999
2.719,2.7228499999999984
2.436,2.4388400000000026
2.268,2.270880000000001
2.56,2.559080000000001
2.519,2.521990000000003
2.606,2.609179999999997
2.528,2.5283999999999978
2.506,2.507170000000001
2.613,2.61041
2.627,2.627950000000003
2.361,2.365049999999998
2.418,2.414660000000003
2.489,2.488290000000001
2.51,2.5098499999999975
2.477,2.4760600000000013
2.543,2.5456100000000035
2.6,2.601759999999997
2.672,2.6678899999999994
2.558,2.557959999999997
2.415,2.414829999999998
2.485,2.4903200000000023
2.492,2.491176666666665
2.551,2.550799999999998
2.539,2.535289999999996
2.705,2.7056800000000023
2.454,2.4584300000000017
2.538,2.5375100000000033
2.441,2.442380000000002
2.515,2.516389999999996
2.406,2.4017500000000025
2.508,2.508370000000003
2.422,2.4240399999999984
2.605,2.608699999999999
2.515,2.5112199999999962
2.406,2.4109800000000035
2.584,2.582680000000002
2.518,2.51501
2.595,2.592509999999999
2.385,2.3893099999999965
2.537,2.5385200000000023
2.577,2.5776999999999988
2.458,2.459509999999999
2.374,2.3705199999999977
2.496,2.491770000000003
2.623,2.619119999999998
2.613,2.6136300000000006
2.457,2.4600499999999967
2.372,2.3715600000000028
2.457,2.460389999999998
2.453,2.4564300000000023
2.545,2.545159999999996
2.489,2.488710000000002
2.425,2.422160000000002
2.61,2.6102000000000047
2.514,2.5098600000000033
2.544,2.5412900000000023
2.328,2.3243500000000017
2.356,2.3587499999999975
2.452,2.4557
2.558,2.5556999999999963
2.266,2.269639999999997
2.659,2.659069999999998
2.517,2.5208299999999992
2.636,2.639239999999999
2.411,2.414610000000001
2.55,2.554840000000002
2.509,2.509239999999996
2.582,2.580419999999997
2.477,2.480030000000001
2.547,2.5442599999999986
2.61,2.6078900000000043
2.435,2.4386900000000016
2.524,2.5307899999999997
2.311,2.313390000000003
2.57,2.566639999999997
2.695,2.6981899999999968
2.376,2.374570000000002
2.491,2.487950000000005
2.588,2.587289999999997
2.503,2.500499999999996
2.517,2.5182499999999974
2.461,2.4612200000000044
2.457,2.4561099999999967
2.491,2.4961500000000036
2.504,2.505719999999998
2.382,2.379770000000002
2.493,2.4944299999999977
2.657,2.654980000000001
2.458,2.459689999999998
2.376,2.3754600000000012
2.485,2.4865800000000045
2.429,2.433710000000001
2.366,2.3647700000000045
2.514,2.511160000000003
2.429,2.4333299999999998
2.438,2.4359499999999956
2.515,2.5121599999999957
2.347,2.344090000000001
2.326,2.3302099999999975
2.567,2.570270000000004
2.307,2.3032999999999983
2.402,2.405229999999995
2.32,2.317639999999997
2.451,2.454079999999997
2.543,2.5491900000000025
2.511,2.506329999999998
2.609,2.608250000000002
2.407,2.407510000000002
2.38,2.382159999999998
2.606,2.6058199999999987
2.559,2.555839999999998
2.507,2.507550000000003
2.527,2.5285199999999963
2.352,2.3552700000000018
2.516,2.5187899999999965
2.507,2.5085400000000018
2.41,2.411029999999998
2.446,2.445819999999999
2.652,2.6510599999999966
2.487,2.483599999999997
2.707,2.702349999999996
2.326,2.3244099999999968
2.448,2.4444000000000012
2.345,2.349959999999999
2.379,2.3767699999999987
2.417,2.417360000000001
2.532,2.533720000000001
2.527,2.528399999999995
2.432,2.4362099999999973
2.277,2.2761999999999953
2.648,2.64798
2.471,2.468470000000002
2.388,2.3904900000000024
2.527,2.529189999999996
2.52,2.5158700000000023
2.468,2.467679999999997
2.515,2.5138399999999943
2.384,2.3867699999999954
2.576,2.573249999999997
2.4,2.3988100000000023
2.439,2.4377699999999973
2.565,2.56862
2.62,2.618360000000003
2.659,2.6606299999999976
2.606,2.604149999999998
2.468,2.4670199999999975
2.346,2.343800000000002
2.641,2.6358599999999983
2.637,2.6379100000000006
2.433,2.436019999999997
2.592,2.593400000000004
2.467,2.4659500000000016
2.65,2.653010000000001
2.449,2.447250000000003
2.698,2.7005
2.579,2.580640000000001
2.68,2.6815200000000035
2.454,2.4515200000000017
2.541,2.541129999999999
2.403,2.3978899999999976
2.584,2.584720000000002
2.59,2.5874
2.548,2.5467300000000015
2.572,2.574590000000002
2.453,2.4499000000000013
2.554,2.5559900000000013
2.462,2.464059999999997
2.512,2.51231
2.517,2.520979999999998
2.465,2.466140000000002
2.506,2.50447
2.462,2.459449999999998
2.462,2.459799999999999
2.608,2.605290000000001
2.518,2.5174300000000005
2.535,2.534459999999998
2.354,2.3576300000000043
2.542,2.5458800000000004
2.553,2.553949999999998
2.46,2.4601800000000007
2.709,2.7101400000000013
2.271,2.2722999999999973
2.578,2.5740000000000016
2.571,2.574
2.554,2.5564500000000008
2.518,2.5161200000000004
2.555,2.5577800000000037
2.587,2.587269999999997
2.427,2.4286899999999987
2.53,2.5277600000000002
2.482,2.47877
2.391,2.3892999999999978
2.572,2.566950000000001
2.444,2.4432399999999976
2.35,2.3458899999999976
2.446,2.445809999999998
2.42,2.4165999999999963
2.603,2.606560000000003
2.515,2.511449999999996
2.638,2.637990000000002
2.433,2.435089999999997
2.587,2.585569999999998
2.536,2.5384300000000013
2.586,2.5861900000000038
2.569,2.566389999999997
2.358,2.3584000000000023
2.559,2.5602499999999986
2.531,2.5300700000000034
2.474,2.4710499999999977
2.412,2.413270000000004
2.569,2.5709299999999975
2.403,2.4067399999999983
2.713,2.7111799999999984
2.511,2.5121799999999985
2.378,2.378649999999997
2.449,2.446240000000002
2.472,2.475070000000002
2.412,2.4141000000000026
2.488,2.4872599999999996
2.446,2.4440299999999984
2.55,2.548520000000003
2.448,2.449710000000002
2.386,2.387989999999998
2.48,2.4793899999999973
2.47,2.46507
2.441,2.4434400000000007
2.446,2.4439599999999984
2.618,2.619539999999998
2.468,2.4652899999999973
2.387,2.389490000000001
2.454,2.455560000000002
2.505,2.508969999999999
2.366,2.3682500000000037
2.663,2.6566900000000033
2.587,2.5880099999999966
2.643,2.63793
2.539,2.5375499999999955
2.291,2.2914399999999984
2.654,2.6514199999999977
2.414,2.415839999999997
2.422,2.4257999999999997
2.516,2.5146299999999986
2.638,2.6359600000000025
2.605,2.6035999999999966
2.591,2.5889300000000013
2.469,2.4675899999999973
2.467,2.464110000000003
2.535,2.5348399999999978
2.487,2.4856199999999986
2.589,2.5885599999999998
2.583,2.584849999999999
2.559,2.5577899999999985
2.513,2.5146300000000013
2.489,2.4920600000000017
2.517,2.513909999999998
2.425,2.427810000000002
2.368,2.3655299999999975
2.546,2.5428299999999977
2.464,2.4681599999999992
2.557,2.556749999999997
2.433,2.438579999999998
2.642,2.638629999999998
2.6,2.5993499999999985
2.53,2.5271299999999997
2.479,2.4764300000000037
2.585,2.5846100000000014
2.539,2.5371499999999956
2.524,2.5210999999999997
2.604,2.607540000000004
2.643,2.6470000000000002
2.375,2.37307
2.395,2.394890000000003
2.422,2.4265499999999993
2.35,2.354629999999997
2.494,2.49884
2.56,2.560350000000002
2.498,2.501669999999998
2.447,2.4448700000000017
2.613,2.6141099999999993
2.514,2.5135100000000024
2.534,2.5350299999999972
2.615,2.611470000000003
2.488,2.4873399999999997
2.706,2.702989999999998
2.455,2.456040000000003
2.7,2.6997099999999965
2.403,2.399509999999998
2.552,2.5535199999999985
2.436,2.437940000000003
2.612,2.611469999999999
2.452,2.4508599999999996
2.529,2.5272199999999976
2.435,2.432960000000001
2.594,2.5904499999999966
2.434,2.433539999999998
2.668,2.667160000000003
2.4,2.396800000000002
2.365,2.369860000000002
2.595,2.5998999999999994
2.441,2.4420400000000013
2.499,2.5032499999999986
2.468,2.466929999999997
2.369,2.3679300000000008
2.492,2.4921999999999973
2.626,2.626670000000002
2.6,2.5975299999999972
2.523,2.5189799999999978
2.611,2.6084799999999975
2.394,2.3884600000000016
2.467,2.4674000000000036
2.54,2.540769999999999
2.487,2.484829999999997
2.475,2.4728799999999977
2.38,2.3804699999999976
2.292,2.293390000000001
2.582,2.5833899999999965
2.524,2.52618
2.59,2.5907300000000015
2.456,2.459789999999997
2.429,2.43118
2.501,2.4957400000000027
2.585,2.5814100000000013
2.477,2.480410000000001
2.58,2.5828000000000024
2.399,2.3971000000000005
2.484,2.485450000000002
2.493,2.491519999999998
2.623,2.6238699999999984
2.521,2.5168599999999954
2.675,2.677020000000004
2.365,2.3675000000000024
2.513,2.509330000000001
2.518,2.5159700000000003
2.562,2.563310000000003
2.419,2.4174500000000028
2.668,2.6628200000000017
2.501,2.5039200000000026
2.391,2.391039999999998
2.498,2.4939099999999974
2.469,2.4684699999999977
2.605,2.6050099999999987
2.505,2.505689999999998
2.489,2.488020000000002
2.595,2.59563
2.6,2.6028799999999985
2.564,2.560719999999997
2.503,2.5056299999999987
2.369,2.3682500000000006
2.588,2.585749999999998
2.725,2.7225899999999985
2.556,2.5603700000000025
2.61,2.610210000000005
2.68,2.6797900000000037
2.417,2.415100000000001
2.314,2.3146099999999965
2.566,2.5640900000000006
2.475,2.4777499999999977
2.363,2.36309
2.492,2.4937299999999976
2.573,2.5765900000000004
2.485,2.4888100000000035
2.421,2.418069999999999
2.478,2.4732000000000016
2.498,2.496419999999998
2.307,2.3037499999999973
2.486,2.491039999999997
2.366,2.3668900000000037
2.566,2.5680900000000015
2.344,2.3403099999999966
2.601,2.60209
2.459,2.4613400000000016
2.446,2.441189999999999
2.529,2.532349999999998
2.413,2.4158700000000013
2.528,2.530059999999998
2.427,2.427349999999999
2.444,2.4399399999999973
2.541,2.541859999999998
2.386,2.3875299999999986
2.374,2.3778499999999982
2.525,2.528330000000002
2.497,2.4969600000000036
2.517,2.515289999999998
2.533,2.5343999999999958
2.506,2.50326
2.561,2.5604200000000024
2.51,2.5057999999999985
2.299,2.295590000000002
2.325,2.3298299999999976
2.693,2.691640000000003
2.5,2.49672
2.595,2.594579999999999
2.465,2.4617500000000017
2.494,2.4926900000000005
2.455,2.4575400000000034
2.525,2.519840000000002
2.447,2.443420000000001
2.335,2.3392100000000005
2.697,2.6966900000000003
2.484,2.484540000000003
2.574,2.5785500000000035
2.586,2.5821300000000043
2.454,2.458400000000001
2.567,2.568990000000003
2.44,2.4358699999999986
2.401,2.4031800000000025
2.616,2.6134400000000038
2.484,2.4850200000000022
2.552,2.5468299999999986
2.541,2.536729999999999
2.564,2.5629999999999966
2.344,2.3465499999999975
2.441,2.4397700000000007
2.468,2.4644099999999973
2.417,2.4144900000000002
2.543,2.5424000000000024
2.619,2.6157800000000004
2.635,2.6365399999999983
2.466,2.466890000000002
2.529,2.531589999999998
2.545,2.541479999999997
2.562,2.5618800000000035
2.412,2.4169400000000025
2.682,2.6829499999999973
2.593,2.593759999999997
2.595,2.5950699999999993
2.62,2.623130000000002
2.553,2.5553899999999983
2.397,2.3944899999999985
2.486,2.4858299999999987
2.335,2.3356300000000014
2.542,2.53761
2.483,2.4842600000000026
2.496,2.500200000000002
2.62,2.618780000000003
2.454,2.4502700000000015
2.475,2.4719599999999984
2.502,2.5068800000000016
2.316,2.318710000000001
2.473,2.469360000000004
2.441,2.4366900000000022
2.586,2.5848300000000033
2.545,2.5480799999999952
2.441,2.4393400000000005
2.504,2.5070799999999975
2.393,2.3894800000000007
2.5,2.496620000000001
2.685,2.6810300000000016
2.505,2.509769999999998
2.516,2.5110199999999985
2.402,2.4043799999999966
2.42,2.4199599999999957
2.536,2.5385899999999997
2.448,2.4518600000000017
2.59,2.5910300000000013
2.657,2.6562000000000023
2.533,2.5358199999999966
2.51,2.510199999999998
2.332,2.334939999999998
2.575,2.5722099999999966
2.386,2.3793999999999986
2.458,2.454069999999998
2.596,2.598540000000001
2.603,2.6037000000000017
2.453,2.455960000000001
2.459,2.4610100000000013
2.43,2.4268700000000023
2.38,2.376999999999999
2.437,2.4387700000000017
2.339,2.3416799999999984
2.568,2.568450000000004
2.539,2.5380999999999956
2.556,2.556380000000003
2.405,2.4071500000000006
2.38,2.382939999999997
2.505,2.5093599999999983
2.506,2.505770000000001
2.485,2.4839000000000033
2.471,2.4702100000000016
2.671,2.671499999999999
2.543,2.545770000000002
2.697,2.6992600000000015
2.627,2.629300000000002
2.67,2.6738499999999963
2.393,2.3927799999999997
2.559,2.561009999999998
2.457,2.459949999999997
2.334,2.335110000000002
2.65,2.6515700000000004
2.471,2.473780000000002
2.394,2.396020000000002
2.459,2.4583600000000008
2.42,2.4179699999999964
2.431,2.4261900000000027
2.478,2.481250000000002
2.673,2.6682100000000006
2.433,2.434579999999997
2.666,2.664419999999999
2.585,2.5846800000000014
2.54,2.538769999999998
2.575,2.5785999999999962
2.501,2.4966800000000005
2.629,2.6303199999999975
2.557,2.5608699999999955
2.334,2.3375600000000007
2.53,2.5321899999999995
2.578,2.5784300000000013
2.471,2.464440000000001
2.513,2.513050000000001
2.439,2.441639999999998
2.362,2.365489999999998
2.345,2.3460699999999997
2.346,2.3414800000000016
2.567,2.5624100000000034
2.433,2.4374399999999983
2.423,2.42488
2.472,2.470270000000001
2.314,2.3142999999999962
2.54,2.5388699999999984
2.373,2.3756199999999974
2.613,2.60852
2.438,2.4364499999999976
2.49,2.488550000000003
2.5,2.4951799999999995
2.524,2.5226099999999994
2.504,2.5070499999999982
2.457,2.458599999999997
2.534,2.5351099999999978
2.547,2.55093
2.423,2.421030000000002
2.543,2.536940000000002
2.619,2.62379
2.571,2.57345
2.593,2.5943199999999966
2.517,2.519469999999998
2.406,2.4096900000000026
2.419,2.4186100000000015
2.532,2.534760000000002
2.594,2.597309999999997
2.598,2.594650000000004
2.383,2.3859200000000023
2.423,2.4210000000000016
2.728,2.7210300000000025
2.479,2.4818800000000047
2.505,2.507789999999998
2.404,2.4003599999999974
2.657,2.6577300000000013
2.55,2.551890000000003
2.423,2.4206000000000008
2.401,2.3974500000000027
2.531,2.5331900000000025
2.504,2.5063899999999975
2.583,2.5837499999999993
2.555,2.5575900000000034
2.474,2.469669999999999
2.446,2.4426199999999985
2.484,2.481850000000002
2.445,2.441889999999997
2.487,2.4829999999999974
2.502,2.500600000000002
2.41,2.4149199999999986
2.563,2.5647399999999982
2.463,2.4627799999999973
2.416,2.4148499999999977
2.465,2.465960000000002
2.524,2.52651
2.508,2.5084500000000025
2.542,2.5394200000000007
2.59,2.586660000000001
2.63,2.631059999999997
2.529,2.5313899999999974
2.393,2.3893000000000004
2.473,2.4721200000000043
2.4,2.4006400000000023
2.67,2.674719999999996
2.699,2.6924200000000043
2.565,2.5636899999999994
2.586,2.5853700000000037
2.525,2.5248300000000024
2.537,2.5376200000000027
2.34,2.341170000000001
2.493,2.490739999999999
2.412,2.4156700000000026
2.528,2.5330899999999987
2.494,2.4926600000000003
2.695,2.6978699999999973
2.592,2.5886400000000034
2.528,2.529359999999998
2.473,2.4776000000000042
2.668,2.671720000000003
2.497,2.4947200000000027
2.533,2.5358999999999954
2.504,2.505939999999997
2.46,2.463190000000002
2.504,2.505439999999997
2.304,2.299760000000001
2.345,2.3466799999999988
2.535,2.5336799999999986
2.657,2.658330000000003
2.535,2.5325999999999977
2.428,2.4252599999999997
2.356,2.357089999999998
2.578,2.577420000000002
2.443,2.4426000000000028
2.564,2.5667499999999976
2.539,2.536399999999996
2.548,2.5468100000000016
2.503,2.499189999999996
2.538,2.542290000000002
2.488,2.48798
2.436,2.4361000000000024
2.404,2.406369999999998
2.482,2.4834700000000005
2.652,2.651429999999996
2.573,2.5708300000000013
2.523,2.521119999999998
2.427,2.430519999999997
2.6,2.601139999999997
2.488,2.48973
2.657,2.6577400000000018
2.402,2.4062599999999974
2.425,2.4223400000000033
2.415,2.414979999999999
2.352,2.3489000000000013
2.406,2.402890000000003
2.51,2.511279999999997
2.429,2.4319300000000004
2.607,2.6095000000000006
2.332,2.330619999999998
2.559,2.558959999999999
2.503,2.506509999999997
2.712,2.709829999999997
2.6,2.601799999999999
2.45,2.4524499999999967
2.43,2.4348900000000024
2.65,2.6478500000000014
2.352,2.35093
2.519,2.515570000000002
2.487,2.4863399999999976
2.466,2.466150000000002
2.535,2.5375099999999984
2.519,2.5174800000000026
2.546,2.5460299999999982
2.514,2.515610000000003
2.542,2.542220000000001
2.509,2.508729999999996
2.434,2.4347099999999986
2.5,2.50311
2.429,2.4244100000000004
2.422,2.426919999999999
2.466,2.466140000000002
2.488,2.4879600000000006
2.504,2.5084199999999983
2.592,2.5959400000000046
2.45,2.452929999999997
2.52,2.520840000000002
2.512,2.51347
2.439,2.441399999999997
2.507,2.5103600000000017
2.6,2.6032099999999976
2.519,2.5183800000000023
2.523,2.521619999999998
2.429,2.4263000000000012
2.697,2.6994900000000013
2.435,2.43982
2.333,2.330059999999999
2.586,2.584510000000003
2.489,2.4883200000000016
2.47,2.46767
2.445,2.4425299999999965
2.687,2.684020000000004
2.535,2.535319999999998
2.555,2.555790000000003
2.516,2.516859999999999
2.527,2.529079999999996
2.64,2.639419999999996
2.475,2.4727699999999975
2.354,2.3508300000000037
2.587,2.585459999999997
2.55,2.551030000000004
2.511,2.5070899999999976
2.547,2.5494999999999988
2.463,2.4630599999999974
2.502,2.5040800000000014
2.487,2.486579999999998
2.441,2.438410000000002
2.619,2.6179100000000006
2.359,2.3617500000000025
2.588,2.5862999999999965
2.322,2.323100000000002
2.478,2.480030000000003
2.483,2.482680000000001
2.539,2.5393699999999955
2.401,2.3983100000000017
2.503,2.506199999999998
2.488,2.48814
2.426,2.425959999999997
2.412,2.4147300000000023
2.592,2.5880000000000036
2.33,2.3329400000000025
2.548,2.5488200000000014
2.58,2.583160000000005
2.478,2.4730800000000026
2.505,2.5021199999999975
2.616,2.6125600000000047
2.43,2.4348300000000034
2.44,2.439319999999998
2.45,2.447549999999998
2.617,2.619339999999998
2.629,2.629629999999998
2.36,2.368480000000003
2.601,2.6010699999999995
2.582,2.5827599999999977
2.655,2.65561
2.539,2.5355399999999952
2.496,2.498050000000002
2.615,2.614660000000001
2.57,2.575779999999998
2.724,2.723219999999998
2.596,2.598340000000002
2.515,2.511789999999995
2.383,2.389300000000002
2.442,2.441550000000003
2.356,2.3602499999999984
2.478,2.4792800000000024
2.593,2.592159999999997
2.5,2.4983600000000004
2.602,2.6048700000000014
2.534,2.5343499999999977
2.46,2.460760000000002
2.509,2.5137799999999957
2.547,2.5437399999999983
2.514,2.5139100000000045
2.515,2.512299999999995
2.423,2.417830000000001
2.457,2.458359999999998
2.726,2.726659999999999
2.623,2.626229999999997
2.353,2.3567300000000015
2.508,2.511020000000003
2.589,2.5865499999999986
2.448,2.447240000000001
2.602,2.606290000000001
2.506,2.5090100000000004
2.484,2.4901700000000018
2.576,2.5762899999999975
2.447,2.4408000000000016
2.471,2.476770000000001
2.567,2.5695200000000034
2.497,2.494040000000002
2.691,2.68615
2.569,2.571219999999997
2.563,2.560899999999997
2.495,2.4900000000000024
2.587,2.5871499999999967
2.468,2.4702299999999973
2.528,2.5319799999999977
2.408,2.4088599999999967
2.604,2.601080000000005
2.529,2.5303299999999975
2.698,2.6943000000000006
2.576,2.5790299999999973
2.507,2.5080900000000015
2.405,2.4103
2.59,2.5879100000000017
2.521,2.517729999999996
2.554,2.55432
2.673,2.6760800000000007
2.418,2.4165800000000024
2.408,2.4112399999999976
2.476,2.47318
2.582,2.5835699999999973
2.555,2.558600000000003
2.41,2.4082299999999988
2.576,2.572699999999996
2.38,2.383209999999998
2.416,2.415159999999999
2.488,2.49016
2.445,2.4442699999999964
2.589,2.5912
2.529,2.5246599999999986
2.677,2.680869999999999
2.475,2.4699699999999982
2.488,2.4898599999999997
2.621,2.622900000000002
2.491,2.489120000000004
2.649,2.647160000000001
2.554,2.5537700000000005
2.265,2.2681499999999963
2.618,2.614399999999999
2.591,2.5895500000000022
2.595,2.5901299999999985
2.309,2.3049499999999985
2.434,2.4398099999999987
2.441,2.4447200000000002
2.416,2.416009999999998
2.674,2.6768400000000026
2.499,2.503099999999997
2.496,2.495550000000003
2.555,2.5595900000000027
2.557,2.5621499999999964
2.435,2.435090000000001
2.359,2.3617000000000017
2.54,2.537579999999999
2.471,2.4690700000000017
2.502,2.5059900000000015
2.292,2.2927500000000016
2.469,2.4651399999999977
2.612,2.613569999999998
2.641,2.639119999999999
2.572,2.570332500000001
2.366,2.3662400000000043
2.626,2.6307000000000023
2.572,2.5768100000000005
2.488,2.49055
2.297,2.298179999999998
2.595,2.5971400000000004
2.441,2.4416200000000017
2.535,2.536139999999998
2.507,2.507350000000002
2.654,2.655729999999998
2.487,2.482649999999997
2.498,2.4938899999999977
2.658,2.658879999999996
2.434,2.4338899999999986
2.581,2.582619999999997
2.48,2.483959999999998
2.4,2.4005300000000016
2.5,2.50281
2.569,2.5676599999999974
2.635,2.635379999999998
2.647,2.649439999999998
2.471,2.4700900000000017
2.401,2.4060900000000016
2.468,2.468959999999997
2.382,2.379860000000002
2.478,2.4739200000000023
2.466,2.4653500000000013
2.573,2.5744900000000017
2.279,2.278079999999998
2.427,2.4253799999999983
2.427,2.4312399999999985
2.619,2.615040000000001
2.389,2.3898200000000016
2.523,2.5202099999999987
2.487,2.4875199999999973
2.604,2.603760000000004
2.56,2.5565300000000017
2.512,2.512299999999999
2.445,2.4451999999999963
2.315,2.3150699999999995
2.525,2.5276300000000025
2.553,2.5528099999999987
2.343,2.3452999999999973
2.377,2.373140000000003
2.525,2.526800000000002
2.534,2.534459999999999
2.401,2.404610000000002
2.443,2.4422500000000027
2.316,2.3171300000000006
2.638,2.6377200000000016
2.37,2.366850000000002
2.554,2.5574800000000018
2.497,2.4933300000000034
2.629,2.6308599999999966
2.421,2.4211399999999985
2.506,2.50709
2.33,2.3262000000000036
2.306,2.311300000000002
2.56,2.561230000000001
2.321,2.317739999999999
2.477,2.4816200000000013
2.601,2.6029099999999983
2.575,2.5719699999999968
2.434,2.4368299999999987
2.341,2.343310000000002
2.551,2.5524599999999964
2.634,2.632209999999996
2.434,2.4299499999999985
2.42,2.4171199999999966
2.448,2.44499
2.557,2.5588899999999963
2.623,2.621839999999998
2.376,2.3790200000000024
2.35,2.3458699999999983
2.482,2.48468
2.525,2.530940000000002
2.431,2.4346600000000027
2.549,2.548300000000003
2.596,2.594810000000001
2.53,2.5301900000000006
2.674,2.6779700000000037
2.467,2.4676000000000027
2.474,2.4724699999999986
2.523,2.5202999999999975
2.546,2.5499999999999976
2.523,2.5217199999999975
2.372,2.3731000000000035
2.531,2.5360300000000024
2.463,2.4656099999999976
2.442,2.4412600000000015
2.503,2.5069999999999966
2.404,2.4019099999999978
2.386,2.3866999999999985
2.675,2.675190000000003
2.556,2.5578000000000025
2.488,2.492410000000001
2.433,2.4362899999999965
2.427,2.422429999999999
2.572,2.574440000000002
2.594,2.5916999999999972
2.564,2.564179999999997
2.516,2.512459999999997
2.63,2.630499999999998
2.467,2.4629200000000036
2.609,2.6121400000000023
2.462,2.4606799999999978
2.412,2.4096400000000013
2.399,2.39649
2.394,2.3930500000000015
2.566,2.565320000000002
2.426,2.422989999999997
2.397,2.395679999999999
2.571,2.572359999999999
2.533,2.530539999999995
2.596,2.599590000000002
2.551,2.5505699999999973
2.425,2.4283400000000035
2.508,2.5114800000000024
2.513,2.513810000000002
2.408,2.4141699999999973
2.39,2.390219999999996
2.432,2.4340099999999967
2.704,2.7028700000000008
2.459,2.460440000000002
2.623,2.6253199999999977
2.453,2.4574300000000027
2.589,2.5873399999999993
2.59,2.585620000000002
2.595,2.5926599999999995
2.539,2.5377499999999955
2.638,2.633980000000002
2.538,2.538180000000002
2.671,2.6701599999999983
2.338,2.3420899999999985
